1.461412423917349
1.606417246343467
1.5945016983315239
2.755575960628413
3.048172788755531
2.538866850664468
1.0
1.1465468346324887
3.0829348950147435
3.6180480967120925
3.162116141062368
1.1543683630616284
2.8833625401095393
3.986024882006687
2.9190780923760737
3.508903627287024
3.1409268419924303
1.0099807442004924
2.8398968463284486
3.1014183007087563
2.7729500566978356
2.944632196848462
3.3839648906787247
3.6180480967120925
3.6849948863427056
2.5998232766058935
2.3139270240709697
2.3264255695699427
2.0498463726450975
2.6180480967120925
2.707271281053858
1.8654509508008372
2.362775591608787
3.6849948863427056
2.931667219684094
3.1409268419924303
2.699718143163412
1.6351310725023724
3.0159881053841304
4.162116141062368
2.850362280006614
3.986024882006687
3.986024882006687
3.76417613239033
1.4781690103108562
1.9393996699147849
2.692294125084205
3.3170181010481117
2.5546611178477
1.9933241207481864
1.427716398541801
3.287054877670668
2.7729500566978356
2.9190780923760737
1.835780280133617
1.7172909415526205
2.819693460240162
2.2078736316230434
1.427716398541801
2.1959744083233357
2.225100033597554
2.5440680443502757
3.287054877670668
2.6778163017155823
2.2301500263341953
3.421753451568124
1.3767863060516012
2.270021538371888
1.6131128790365805
3.3492027844195125
3.2326972153480753
3.2326972153480753
1.9947988063141922
1.5600561497344059
3.861086145398387
2.4631461367263494
3.2326972153480753
2.6707544472280955
2.4461127974275687
2.6058136402950813
2.270021538371888
1.5296588488776441
2.0902341337562427
3.508903627287024
3.0829348950147435
3.2326972153480753
2.490018283126651
2.6569661627424623
2.7149581097201487
2.4062412853898767
2.8099336229510055
4.162116141062368
3.1014183007087563
4.162116141062368
3.76417613239033
1.4822341989495058
3.3170181010481117
3.1014183007087563
3.0159881053841304
1.750496435099138
2.053213013395055
3.287054877670668
3.287054877670668
2.6502327800834937
2.8398968463284486
3.508903627287024
2.8398968463284486
2.7641761323903307
4.162116141062368
2.2030747487412743
3.2078736316230434
3.162116141062368
2.944632196848462
3.986024882006687
2.3201313364722544
2.593914416995373
2.2536311221837186
2.944632196848462
1.0107462908149079
3.6849948863427056
2.4100676932429295
3.4631461367263494
3.4631461367263494
3.4631461367263494
3.6180480967120925
2.4503089120211774
2.281302548781577
1.7659167939666318
2.480874903686781
2.791048278790632
2.4763744024601047
2.1556500988131364
2.3139270240709697
2.5766554115538676
2.0098277966793114
2.593914416995373
2.6242970459890937
3.6849948863427056
3.162116141062368
2.9190780923760737
3.986024882006687
2.565519045435908
3.3492027844195125
3.120723455904143
4.463146136726349
4.162116141062368
3.4631461367263494
4.463146136726349
4.463146136726349
2.1471757912694316
2.292884421331392
3.3170181010481117
3.065206128054312
3.3170181010481117
1.9393996699147849
2.829677681146763
1.8118681227282054
2.376786306051601
2.5766554115538676
2.861086145398387
2.707271281053858
3.5600561497344057
2.0128970284069885
2.637071334025523
2.637071334025523
2.8398968463284486
3.2326972153480753
1.9717844428920768
3.120723455904143
2.3328123682313433
2.829677681146763
2.611887788007274
3.861086145398387
3.120723455904143
3.5600561497344057
2.4719200610338543
3.861086145398387
3.6849948863427056
2.366236123718293
2.643602201184481
3.0007481388273933
2.7149581097201487
3.120723455904143
2.22259688844375
3.6849948863427056
2.6058136402950813
3.4631461367263494
2.9190780923760737
2.109037697578948
4.162116141062368
4.162116141062368
4.162116141062368
4.162116141062368
4.162116141062368
2.490018283126651
3.421753451568124
4.162116141062368
2.3078100992612876
2.528647685482782
4.162116141062368
3.861086145398387
3.1409268419924303
2.6849948863427056
4.162116141062368
2.791048278790632
4.162116141062368
1.600418608408375
4.162116141062368
4.162116141062368
3.76417613239033
3.065206128054312
3.3839648906787247
3.259026154070425
2.2430380486862944
3.1843925357735205
3.4631461367263494
3.1409268419924303
3.3839648906787247
4.162116141062368
3.986024882006687
4.463146136726349
4.162116141062368
3.508903627287024
4.463146136726349
2.6502327800834937
3.986024882006687
4.162116141062368
4.162116141062368
3.5600561497344057
3.6849948863427056
1.9634590541079455
2.730752376903381
2.9717844428920763
3.3839648906787247
3.0007481388273933
3.120723455904143
3.508903627287024
3.065206128054312
4.463146136726349
3.065206128054312
4.463146136726349
2.8099336229510055
2.829677681146763
2.931667219684094
2.4062412853898767
4.162116141062368
3.065206128054312
2.3328123682313433
3.508903627287024
3.5600561497344057
3.861086145398387
2.398688147499431
3.162116141062368
2.829677681146763
2.494663188172414
2.800388305044775
3.5600561497344057
2.3360413383615417
3.048172788755531
3.287054877670668
3.6180480967120925
3.508903627287024
1.6455807671665688
2.565519045435908
2.8833625401095393
3.4631461367263494
3.162116141062368
3.120723455904143
2.730752376903381
3.6849948863427056
2.0976581518354496
3.6180480967120925
3.76417613239033
2.4588247629437068
3.065206128054312
4.463146136726349
3.76417613239033
4.162116141062368
3.3839648906787247
3.861086145398387
3.76417613239033
3.3839648906787247
2.861086145398387
3.861086145398387
3.6849948863427056
2.9717844428920763
2.287054877670668
3.162116141062368
3.3839648906787247
3.048172788755531
3.986024882006687
1.9329464385232673
2.1664809464648185
2.8833625401095393
3.986024882006687
2.5137561300814366
4.162116141062368
2.3492027844195125
3.6849948863427056
2.8099336229510055
3.3170181010481117
2.1913045301898504
2.413928114056168
3.3170181010481117
2.87208152969985
4.162116141062368
2.6180480967120925
2.800388305044775
3.0829348950147435
4.162116141062368
3.861086145398387
3.861086145398387
3.3492027844195125
2.637071334025523
2.9068436359590617
2.944632196848462
4.162116141062368
3.986024882006687
3.259026154070425
2.4503089120211774
4.463146136726349
2.7149581097201487
2.707271281053858
3.986024882006687
3.421753451568124
4.162116141062368
3.6180480967120925
4.162116141062368
4.463146136726349
3.986024882006687
3.5600561497344057
3.1843925357735205
2.6569661627424623
3.1014183007087563
2.9190780923760737
3.3492027844195125
3.162116141062368
3.4631461367263494
2.707271281053858
3.0159881053841304
3.76417613239033
3.986024882006687
3.3839648906787247
2.6180480967120925
2.6849948863427056
2.7819048993507622
2.7819048993507622
2.9717844428920763
3.259026154070425
4.162116141062368
4.162116141062368
4.162116141062368
1.8937722271113036
3.6849948863427056
3.986024882006687
4.162116141062368
4.162116141062368
3.3492027844195125
3.0829348950147435
3.861086145398387
4.162116141062368
3.4631461367263494
3.0007481388273933
4.162116141062368
1.7227834472321057
3.6849948863427056
3.2326972153480753
2.6569661627424623
3.0829348950147435
3.259026154070425
3.6849948863427056
2.931667219684094
3.1014183007087563
3.986024882006687
4.162116141062368
4.162116141062368
2.7729500566978356
1.5301653148031513
3.508903627287024
2.5041047444052555
2.957996158406443
4.162116141062368
4.162116141062368
3.986024882006687
3.065206128054312
3.048172788755531
3.0829348950147435
2.3170181010481112
4.463146136726349
4.463146136726349
2.4675109421287997
2.2987932809419123
3.6849948863427056
2.819693460240162
3.1843925357735205
3.2326972153480753
4.162116141062368
4.162116141062368
4.162116141062368
3.259026154070425
2.494663188172414
3.1014183007087563
3.3170181010481117
2.707271281053858
1.5186634645761807
3.1843925357735205
3.3492027844195125
3.6180480967120925
2.9717844428920763
4.162116141062368
3.861086145398387
3.421753451568124
3.986024882006687
2.819693460240162
3.4631461367263494
3.2078736316230434
3.986024882006687
3.508903627287024
3.986024882006687
3.986024882006687
3.3492027844195125
1.5904073092536808
3.5600561497344057
3.259026154070425
3.986024882006687
3.508903627287024
3.6849948863427056
3.508903627287024
2.630637224020113
2.931667219684094
2.8949444126593544
3.1843925357735205
3.162116141062368
3.76417613239033
3.861086145398387
2.0902341337562427
2.861086145398387
3.6849948863427056
3.421753451568124
3.1409268419924303
3.2326972153480753
4.162116141062368
3.6180480967120925
3.3839648906787247
2.12668640287782
4.162116141062368
4.162116141062368
3.0159881053841304
1.8347572066760378
2.6707544472280955
2.986024882006687
3.986024882006687
3.6849948863427056
3.048172788755531
3.861086145398387
4.463146136726349
2.986024882006687
3.0159881053841304
3.0007481388273933
3.120723455904143
3.861086145398387
4.463146136726349
3.3492027844195125
2.3803607664098996
3.861086145398387
2.292884421331392
2.931667219684094
3.6849948863427056
4.463146136726349
3.6849948863427056
3.421753451568124
2.87208152969985
3.3492027844195125
3.6849948863427056
3.2326972153480753
3.259026154070425
3.0007481388273933
4.463146136726349
4.463146136726349
3.861086145398387
3.986024882006687
3.3492027844195125
3.6180480967120925
2.986024882006687
4.162116141062368
4.162116141062368
2.8099336229510055
3.861086145398387
3.986024882006687
3.3492027844195125
3.861086145398387
3.065206128054312
3.259026154070425
3.6849948863427056
3.120723455904143
4.463146136726349
3.065206128054312
4.162116141062368
4.162116141062368
2.5493322843426327
2.630637224020113
3.259026154070425
3.3492027844195125
4.162116141062368
3.162116141062368
4.162116141062368
3.986024882006687
3.6180480967120925
3.6849948863427056
2.3697244515641143
2.8833625401095393
2.8833625401095393
2.8949444126593544
2.957996158406443
2.5546611178477
3.287054877670668
3.3170181010481117
3.0159881053841304
2.8099336229510055
3.986024882006687
2.5337272110120566
3.5600561497344057
3.76417613239033
3.3492027844195125
4.162116141062368
3.861086145398387
3.986024882006687
3.421753451568124
2.800388305044775
3.986024882006687
2.931667219684094
2.0793307707459183
2.437840271461579
3.287054877670668
3.986024882006687
3.76417613239033
3.6180480967120925
3.5600561497344057
2.7819048993507622
3.861086145398387
2.9190780923760737
2.850362280006614
3.986024882006687
3.986024882006687
4.162116141062368
3.76417613239033
3.861086145398387
2.6707544472280955
2.5440680443502757
4.162116141062368
3.5600561497344057
3.76417613239033
3.508903627287024
4.463146136726349
3.3839648906787247
4.463146136726349
3.861086145398387
4.463146136726349
4.162116141062368
4.463146136726349
3.0159881053841304
4.463146136726349
4.463146136726349
3.6849948863427056
4.463146136726349
4.463146136726349
1.04550839707412
2.8949444126593544
4.162116141062368
2.861086145398387
3.048172788755531
3.287054877670668
4.463146136726349
3.2078736316230434
2.957996158406443
3.6849948863427056
2.8099336229510055
2.3425722055205
3.2078736316230434
4.162116141062368
3.508903627287024
4.463146136726349
1.0093692770359073
2.9717844428920763
1.455825183803605
2.9068436359590617
2.1109636186149867
4.162116141062368
3.6849948863427056
2.829677681146763
2.8949444126593544
2.819693460240162
4.162116141062368
4.162116141062368
3.0829348950147435
3.259026154070425
3.861086145398387
3.861086145398387
3.76417613239033
3.986024882006687
3.6849948863427056
3.4631461367263494
3.6849948863427056
3.6180480967120925
3.6849948863427056
2.611887788007274
4.162116141062368
2.7227834472321053
3.986024882006687
2.850362280006614
3.6180480967120925
3.6849948863427056
3.986024882006687
4.162116141062368
2.5998232766058935
3.259026154070425
3.120723455904143
2.707271281053858
3.2326972153480753
4.162116141062368
3.76417613239033
4.463146136726349
3.421753451568124
4.463146136726349
4.463146136726349
3.76417613239033
3.6180480967120925
3.5600561497344057
1.970385747699512
3.76417613239033
4.463146136726349
1.7828106233117862
1.1899133026833038
2.861086145398387
3.421753451568124
3.76417613239033
3.76417613239033
3.2326972153480753
3.6849948863427056
3.3492027844195125
3.6849948863427056
2.582332544445558
3.0159881053841304
3.031782372567362
2.0498463726450975
2.944632196848462
3.5600561497344057
3.986024882006687
3.986024882006687
2.245662192512443
3.986024882006687
3.6180480967120925
3.76417613239033
2.2430380486862944
3.6180480967120925
3.5600561497344057
4.162116141062368
3.986024882006687
4.162116141062368
3.162116141062368
3.508903627287024
3.2326972153480753
3.76417613239033
4.162116141062368
3.2326972153480753
4.162116141062368
3.861086145398387
2.5600561497344057
3.76417613239033
2.480874903686781
3.861086145398387
3.508903627287024
4.463146136726349
3.6180480967120925
3.6849948863427056
3.986024882006687
3.6180480967120925
1.0700976703095713
4.463146136726349
3.3839648906787247
4.463146136726349
2.861086145398387
2.931667219684094
3.986024882006687
4.463146136726349
4.463146136726349
3.421753451568124
2.5998232766058935
2.8949444126593544
2.2078736316230434
4.162116141062368
4.162116141062368
4.162116141062368
3.287054877670668
3.1843925357735205
3.259026154070425
3.861086145398387
3.5600561497344057
3.5600561497344057
1.9648355829367488
1.891437304917662
3.6180480967120925
3.861086145398387
3.861086145398387
3.6180480967120925
2.630637224020113
3.76417613239033
3.048172788755531
3.76417613239033
4.162116141062368
3.5600561497344057
1.3366900232945453
4.162116141062368
3.3839648906787247
3.508903627287024
3.861086145398387
3.986024882006687
4.463146136726349
4.463146136726349
4.463146136726349
4.463146136726349
4.463146136726349
4.463146136726349
4.463146136726349
2.528647685482782
2.3732410252869514
4.463146136726349
4.463146136726349
3.6180480967120925
4.162116141062368
3.6180480967120925
4.463146136726349
3.508903627287024
4.463146136726349
4.162116141062368
3.4631461367263494
4.463146136726349
4.463146136726349
4.463146136726349
4.162116141062368
4.162116141062368
3.4631461367263494
4.162116141062368
3.421753451568124
2.9717844428920763
3.2078736316230434
3.508903627287024
3.1014183007087563
2.819693460240162
4.463146136726349
4.463146136726349
2.944632196848462
3.162116141062368
3.861086145398387
4.463146136726349
4.463146136726349
4.463146136726349
3.287054877670668
3.861086145398387
3.986024882006687
3.986024882006687
3.986024882006687
2.850362280006614
3.3170181010481117
3.986024882006687
3.76417613239033
3.421753451568124
3.508903627287024
3.4631461367263494
4.162116141062368
4.162116141062368
3.3170181010481117
4.463146136726349
4.463146136726349
3.76417613239033
4.463146136726349
4.162116141062368
4.463146136726349
3.861086145398387
4.463146136726349
4.463146136726349
3.065206128054312
2.944632196848462
3.6180480967120925
3.861086145398387
2.931667219684094
3.76417613239033
2.8949444126593544
4.162116141062368
3.986024882006687
1.0173863002377184
4.162116141062368
3.986024882006687
2.0465056293880686
2.931667219684094
3.421753451568124
4.162116141062368
4.162116141062368
3.861086145398387
4.162116141062368
3.6180480967120925
4.162116141062368
4.162116141062368
4.162116141062368
4.162116141062368
4.162116141062368
2.2958288019781734
4.162116141062368
3.76417613239033
4.162116141062368
3.6180480967120925
3.3492027844195125
4.162116141062368
3.6849948863427056
3.6849948863427056
3.065206128054312
3.065206128054312
3.861086145398387
3.861086145398387
3.861086145398387
2.7819048993507622
3.986024882006687
3.861086145398387
2.3425722055205
2.986024882006687
4.162116141062368
4.463146136726349
4.463146136726349
4.463146136726349
3.1409268419924303
3.986024882006687
4.463146136726349
3.6180480967120925
4.162116141062368
3.5600561497344057
2.755575960628413
4.162116141062368
3.5600561497344057
3.3170181010481117
3.2078736316230434
3.6180480967120925
3.3492027844195125
2.272814438556058
3.508903627287024
3.986024882006687
3.986024882006687
2.643602201184481
3.986024882006687
3.0007481388273933
3.2078736316230434
3.6849948863427056
3.3839648906787247
3.986024882006687
3.986024882006687
3.031782372567362
3.287054877670668
3.6849948863427056
2.944632196848462
2.931667219684094
4.463146136726349
3.031782372567362
3.162116141062368
4.162116141062368
4.463146136726349
4.463146136726349
4.463146136726349
3.5600561497344057
3.3839648906787247
3.986024882006687
3.4631461367263494
3.6180480967120925
3.6180480967120925
3.986024882006687
4.463146136726349
3.3492027844195125
3.4631461367263494
3.76417613239033
4.162116141062368
3.3839648906787247
3.76417613239033
4.162116141062368
3.986024882006687
4.162116141062368
3.287054877670668
3.3492027844195125
3.2078736316230434
4.162116141062368
4.162116141062368
4.162116141062368
3.861086145398387
4.162116141062368
3.421753451568124
4.162116141062368
2.9190780923760737
4.162116141062368
4.162116141062368
3.3839648906787247
2.699718143163412
4.463146136726349
3.76417613239033
4.463146136726349
1.4465305891691722
4.463146136726349
3.6180480967120925
3.5600561497344057
2.986024882006687
3.76417613239033
3.2326972153480753
3.6849948863427056
3.76417613239033
3.1014183007087563
2.87208152969985
3.1409268419924303
2.3047836446311
2.986024882006687
4.162116141062368
3.3839648906787247
3.3839648906787247
3.1014183007087563
3.986024882006687
3.3492027844195125
3.986024882006687
4.463146136726349
3.861086145398387
4.463146136726349
3.508903627287024
3.3170181010481117
2.1347665332876113
4.162116141062368
3.986024882006687
4.162116141062368
3.861086145398387
3.3170181010481117
3.986024882006687
3.986024882006687
1.8409321137600543
3.986024882006687
3.986024882006687
3.986024882006687
3.2078736316230434
3.0159881053841304
3.3170181010481117
3.6849948863427056
3.2078736316230434
3.6849948863427056
3.6849948863427056
3.861086145398387
3.421753451568124
3.861086145398387
3.6849948863427056
2.819693460240162
3.861086145398387
3.048172788755531
3.861086145398387
3.6180480967120925
3.861086145398387
3.76417613239033
3.76417613239033
3.1843925357735205
3.76417613239033
4.162116141062368
3.5600561497344057
4.162116141062368
3.6849948863427056
3.76417613239033
4.162116141062368
3.986024882006687
3.259026154070425
2.986024882006687
3.6180480967120925
3.3492027844195125
3.76417613239033
3.5600561497344057
2.1936331925084334
4.463146136726349
3.861086145398387
4.162116141062368
3.6849948863427056
2.931667219684094
3.4631461367263494
2.986024882006687
4.162116141062368
4.162116141062368
3.421753451568124
3.986024882006687
3.421753451568124
2.9190780923760737
3.5600561497344057
3.861086145398387
3.986024882006687
3.287054877670668
3.259026154070425
4.162116141062368
3.2078736316230434
3.861086145398387
3.861086145398387
3.3839648906787247
2.707271281053858
3.76417613239033
3.4631461367263494
3.986024882006687
4.463146136726349
4.463146136726349
3.6180480967120925
3.986024882006687
3.421753451568124
3.76417613239033
3.048172788755531
2.5998232766058935
4.162116141062368
3.861086145398387
4.162116141062368
3.76417613239033
3.986024882006687
4.162116141062368
4.162116141062368
3.3492027844195125
3.861086145398387
3.5600561497344057
4.162116141062368
4.162116141062368
3.162116141062368
4.162116141062368
4.162116141062368
3.421753451568124
4.162116141062368
4.162116141062368
4.162116141062368
4.162116141062368
3.76417613239033
4.162116141062368
4.463146136726349
3.861086145398387
4.463146136726349
4.463146136726349
3.76417613239033
2.4337623590411397
3.986024882006687
2.3392944957592636
4.463146136726349
2.8099336229510055
2.986024882006687
3.6849948863427056
2.8833625401095393
3.162116141062368
2.9068436359590617
3.120723455904143
3.3492027844195125
4.162116141062368
4.162116141062368
3.986024882006687
3.508903627287024
3.986024882006687
3.3839648906787247
4.162116141062368
3.76417613239033
3.76417613239033
3.1014183007087563
3.3492027844195125
3.4631461367263494
2.5493322843426327
2.2176334689121995
3.2078736316230434
2.2958288019781734
3.986024882006687
4.162116141062368
3.5600561497344057
3.6180480967120925
3.6849948863427056
3.3492027844195125
4.162116141062368
3.861086145398387
2.413928114056168
3.1843925357735205
3.861086145398387
3.76417613239033
4.162116141062368
3.1843925357735205
3.986024882006687
3.76417613239033
3.6180480967120925
3.6180480967120925
3.6180480967120925
1.0037536489671186
1.0481727887555317
3.508903627287024
4.162116141062368
4.463146136726349
4.463146136726349
4.463146136726349
4.463146136726349
4.463146136726349
2.819693460240162
3.986024882006687
4.463146136726349
4.463146136726349
3.3492027844195125
3.508903627287024
3.120723455904143
3.986024882006687
4.162116141062368
2.986024882006687
3.3170181010481117
1.7901252295974532
2.7819048993507622
1.826658240372984
3.259026154070425
3.1409268419924303
3.508903627287024
4.162116141062368
4.162116141062368
4.162116141062368
3.048172788755531
3.6180480967120925
3.861086145398387
3.861086145398387
3.76417613239033
3.421753451568124
3.421753451568124
4.162116141062368
4.463146136726349
3.861086145398387
3.76417613239033
4.463146136726349
3.6849948863427056
3.6180480967120925
3.861086145398387
2.1936331925084334
3.861086145398387
2.957996158406443
4.463146136726349
4.463146136726349
2.1708900653698735
3.0159881053841304
4.463146136726349
3.861086145398387
2.829677681146763
4.463146136726349
4.463146136726349
3.4631461367263494
4.463146136726349
4.463146136726349
4.463146136726349
3.76417613239033
2.8949444126593544
3.508903627287024
4.463146136726349
3.986024882006687
3.4631461367263494
3.508903627287024
3.287054877670668
4.463146136726349
2.8398968463284486
3.986024882006687
2.730752376903381
3.287054877670668
4.162116141062368
3.986024882006687
2.699718143163412
4.162116141062368
3.3170181010481117
4.162116141062368
4.162116141062368
3.6849948863427056
3.6849948863427056
2.2536311221837186
1.4374307528250088
4.463146136726349
3.986024882006687
3.6180480967120925
3.76417613239033
3.6849948863427056
2.355936167078481
3.287054877670668
3.76417613239033
4.463146136726349
3.6180480967120925
4.463146136726349
3.986024882006687
3.76417613239033
3.421753451568124
4.463146136726349
4.162116141062368
3.3492027844195125
3.6180480967120925
4.463146136726349
3.861086145398387
3.861086145398387
4.463146136726349
3.4631461367263494
4.463146136726349
4.463146136726349
4.463146136726349
4.463146136726349
4.463146136726349
4.162116141062368
3.421753451568124
4.162116141062368
1.5256282447090028
4.162116141062368
3.986024882006687
4.162116141062368
3.986024882006687
2.630637224020113
3.3492027844195125
4.162116141062368
4.463146136726349
4.162116141062368
3.986024882006687
3.986024882006687
2.861086145398387
3.76417613239033
3.986024882006687
3.861086145398387
3.2326972153480753
3.5600561497344057
3.3492027844195125
3.508903627287024
3.065206128054312
3.421753451568124
3.76417613239033
1.4028261080380644
3.6849948863427056
3.1843925357735205
3.986024882006687
3.76417613239033
3.508903627287024
3.986024882006687
3.6180480967120925
2.6502327800834937
3.986024882006687
3.986024882006687
4.463146136726349
4.463146136726349
4.463146136726349
3.6180480967120925
4.463146136726349
3.6849948863427056
1.3760749308198141
1.1948022227752848
2.7819048993507622
4.162116141062368
4.162116141062368
4.162116141062368
4.463146136726349
4.463146136726349
3.5600561497344057
3.986024882006687
4.463146136726349
3.986024882006687
3.986024882006687
2.499358309380794
3.986024882006687
3.986024882006687
3.986024882006687
3.861086145398387
3.287054877670668
4.463146136726349
4.463146136726349
3.861086145398387
4.162116141062368
4.162116141062368
4.463146136726349
4.162116141062368
4.463146136726349
1.8051347400692372
1.3136191229720016
3.986024882006687
4.162116141062368
3.1409268419924303
3.3170181010481117
3.861086145398387
3.986024882006687
3.861086145398387
3.6849948863427056
3.0007481388273933
4.463146136726349
3.421753451568124
4.463146136726349
3.5600561497344057
3.5600561497344057
3.5600561497344057
2.7149581097201487
1.0709769872366135
1.102931523430997
1.0913396782189337
1.140513425034126
3.986024882006687
3.861086145398387
3.6849948863427056
3.986024882006687
4.162116141062368
4.162116141062368
2.6849948863427056
3.986024882006687
4.162116141062368
4.162116141062368
4.162116141062368
4.162116141062368
3.76417613239033
3.6849948863427056
3.5600561497344057
4.162116141062368
3.986024882006687
3.3839648906787247
3.508903627287024
3.031782372567362
3.3170181010481117
2.7819048993507622
3.4631461367263494
3.6849948863427056
3.6849948863427056
3.6849948863427056
3.5600561497344057
2.6707544472280955
3.287054877670668
2.931667219684094
3.6849948863427056
3.508903627287024
3.0159881053841304
3.065206128054312
4.162116141062368
3.2078736316230434
2.8099336229510055
4.463146136726349
4.463146136726349
4.463146136726349
4.162116141062368
3.3492027844195125
3.986024882006687
4.162116141062368
3.3839648906787247
4.162116141062368
4.162116141062368
4.162116141062368
3.4631461367263494
3.3839648906787247
3.861086145398387
3.6849948863427056
3.5600561497344057
3.048172788755531
3.986024882006687
3.986024882006687
3.508903627287024
3.986024882006687
3.986024882006687
1.0313000910276242
1.005415588480351
3.259026154070425
3.6180480967120925
3.986024882006687
3.3839648906787247
3.986024882006687
3.065206128054312
3.3492027844195125
3.861086145398387
3.5600561497344057
3.986024882006687
3.986024882006687
3.986024882006687
3.76417613239033
3.5600561497344057
4.162116141062368
4.162116141062368
4.162116141062368
3.4631461367263494
3.986024882006687
3.986024882006687
3.986024882006687
3.2078736316230434
3.986024882006687
3.986024882006687
3.259026154070425
2.699718143163412
3.861086145398387
2.819693460240162
3.5600561497344057
3.6849948863427056
4.463146136726349
3.4631461367263494
3.421753451568124
3.861086145398387
4.463146136726349
3.3492027844195125
2.5546611178477
4.162116141062368
4.463146136726349
3.421753451568124
4.162116141062368
3.287054877670668
4.162116141062368
4.162116141062368
4.162116141062368
3.2326972153480753
3.986024882006687
3.986024882006687
3.986024882006687
2.9717844428920763
4.162116141062368
3.6849948863427056
3.986024882006687
3.986024882006687
3.0007481388273933
3.76417613239033
3.6849948863427056
3.287054877670668
4.162116141062368
4.162116141062368
3.986024882006687
3.6849948863427056
4.162116141062368
2.5186634645761807
2.931667219684094
4.463146136726349
4.463146136726349
3.861086145398387
4.162116141062368
4.162116141062368
3.861086145398387
4.162116141062368
3.120723455904143
3.3170181010481117
3.861086145398387
3.861086145398387
3.162116141062368
3.861086145398387
4.463146136726349
4.162116141062368
3.6180480967120925
4.463146136726349
3.861086145398387
3.4631461367263494
3.861086145398387
3.986024882006687
3.6180480967120925
3.986024882006687
1.0963497534396196
3.861086145398387
3.76417613239033
3.1409268419924303
2.8398968463284486
2.957996158406443
4.162116141062368
3.1843925357735205
4.162116141062368
3.5600561497344057
4.162116141062368
3.861086145398387
3.986024882006687
3.421753451568124
3.0829348950147435
3.6849948863427056
3.3170181010481117
1.5251270392501393
4.162116141062368
3.861086145398387
3.861086145398387
3.3839648906787247
3.3170181010481117
3.861086145398387
2.4062412853898767
2.362775591608787
3.986024882006687
3.76417613239033
3.6849948863427056
3.4631461367263494
4.162116141062368
4.162116141062368
4.162116141062368
4.162116141062368
2.9068436359590617
4.162116141062368
3.861086145398387
3.3492027844195125
4.463146136726349
3.861086145398387
3.861086145398387
3.861086145398387
3.2078736316230434
3.861086145398387
3.861086145398387
3.986024882006687
3.986024882006687
4.162116141062368
4.162116141062368
4.162116141062368
3.1843925357735205
4.162116141062368
4.162116141062368
4.162116141062368
4.162116141062368
4.162116141062368
4.162116141062368
4.162116141062368
3.120723455904143
3.986024882006687
2.454545964964432
3.421753451568124
3.861086145398387
3.986024882006687
3.2326972153480753
3.6180480967120925
3.259026154070425
3.861086145398387
3.986024882006687
3.986024882006687
3.6180480967120925
4.162116141062368
4.162116141062368
3.508903627287024
3.861086145398387
3.4631461367263494
3.6849948863427056
3.2078736316230434
3.986024882006687
3.6849948863427056
3.3492027844195125
3.861086145398387
3.986024882006687
3.986024882006687
3.3492027844195125
3.5600561497344057
3.6849948863427056
3.76417613239033
4.463146136726349
3.6180480967120925
4.463146136726349
4.162116141062368
3.6180480967120925
4.162116141062368
2.957996158406443
1.8388640408906811
3.986024882006687
3.986024882006687
3.986024882006687
3.76417613239033
4.162116141062368
4.162116141062368
3.986024882006687
1.9104779206141562
1.6603724114343739
3.3839648906787247
2.7227834472321053
3.3170181010481117
3.861086145398387
3.861086145398387
3.861086145398387
3.861086145398387
2.5600561497344057
3.76417613239033
3.1843925357735205
3.5600561497344057
3.259026154070425
3.986024882006687
3.3170181010481117
3.986024882006687
3.2326972153480753
3.986024882006687
3.2078736316230434
3.986024882006687
2.4719200610338543
3.861086145398387
3.861086145398387
3.861086145398387
3.5600561497344057
3.6849948863427056
3.6180480967120925
3.259026154070425
3.76417613239033
3.76417613239033
3.76417613239033
3.986024882006687
3.986024882006687
3.986024882006687
3.986024882006687
3.2326972153480753
2.565519045435908
3.5600561497344057
3.986024882006687
3.76417613239033
3.76417613239033
3.76417613239033
3.6849948863427056
3.76417613239033
3.76417613239033
3.76417613239033
3.76417613239033
3.76417613239033
3.76417613239033
3.76417613239033
2.6849948863427056
4.162116141062368
3.421753451568124
3.861086145398387
3.861086145398387
4.162116141062368
3.6849948863427056
4.162116141062368
4.162116141062368
3.6849948863427056
3.861086145398387
3.861086145398387
3.861086145398387
3.861086145398387
3.1843925357735205
3.6849948863427056
3.986024882006687
4.463146136726349
4.463146136726349
4.463146136726349
4.463146136726349
4.463146136726349
4.162116141062368
3.861086145398387
3.861086145398387
3.861086145398387
3.861086145398387
3.6849948863427056
3.861086145398387
3.861086145398387
3.861086145398387
3.6849948863427056
3.6849948863427056
3.6849948863427056
3.6849948863427056
4.162116141062368
3.861086145398387
3.861086145398387
3.6180480967120925
4.162116141062368
4.162116141062368
4.162116141062368
4.162116141062368
3.861086145398387
3.986024882006687
3.1014183007087563
2.571051534035869
4.162116141062368
4.162116141062368
3.986024882006687
4.162116141062368
3.861086145398387
3.6180480967120925
3.6180480967120925
3.6180480967120925
4.162116141062368
4.162116141062368
3.986024882006687
4.162116141062368
4.162116141062368
3.1409268419924303
3.6849948863427056
4.162116141062368
4.162116141062368
2.4062412853898767
3.76417613239033
3.065206128054312
3.986024882006687
3.861086145398387
3.986024882006687
3.3492027844195125
3.986024882006687
3.861086145398387
3.6180480967120925
3.6849948863427056
3.6180480967120925
3.065206128054312
3.986024882006687
3.986024882006687
3.986024882006687
3.986024882006687
3.6180480967120925
3.6180480967120925
3.6180480967120925
3.986024882006687
3.861086145398387
3.6180480967120925
3.76417613239033
3.861086145398387
3.4631461367263494
3.986024882006687
3.76417613239033
3.421753451568124
3.76417613239033
3.986024882006687
3.3170181010481117
3.986024882006687
3.986024882006687
3.76417613239033
3.986024882006687
3.986024882006687
3.508903627287024
3.508903627287024
3.3492027844195125
3.287054877670668
3.162116141062368
3.508903627287024
3.508903627287024
3.508903627287024
3.421753451568124
3.508903627287024
3.508903627287024
3.508903627287024
3.861086145398387
4.162116141062368
2.861086145398387
3.2078736316230434
3.508903627287024
3.6180480967120925
3.861086145398387
3.861086145398387
3.861086145398387
3.986024882006687
3.3839648906787247
3.76417613239033
3.6849948863427056
3.986024882006687
3.986024882006687
3.986024882006687
3.6849948863427056
3.861086145398387
3.986024882006687
3.986024882006687
4.463146136726349
3.986024882006687
4.162116141062368
2.829677681146763
3.6849948863427056
4.463146136726349
3.861086145398387
4.463146136726349
4.463146136726349
4.162116141062368
4.463146136726349
4.463146136726349
3.6849948863427056
3.861086145398387
3.986024882006687
4.162116141062368
3.986024882006687
3.6180480967120925
3.3839648906787247
4.463146136726349
3.421753451568124
4.463146136726349
4.463146136726349
4.463146136726349
3.861086145398387
3.76417613239033
4.463146136726349
4.162116141062368
4.463146136726349
3.861086145398387
4.463146136726349
4.463146136726349
3.287054877670668
4.463146136726349
4.463146136726349
3.287054877670668
3.986024882006687
4.463146136726349
4.162116141062368
4.162116141062368
4.162116141062368
4.162116141062368
3.986024882006687
4.162116141062368
3.861086145398387
3.421753451568124
2.800388305044775
3.287054877670668
2.931667219684094
4.463146136726349
3.986024882006687
4.463146136726349
3.6180480967120925
4.162116141062368
3.508903627287024
4.463146136726349
3.6849948863427056
4.463146136726349
3.861086145398387
4.162116141062368
3.031782372567362
3.76417613239033
4.162116141062368
3.986024882006687
4.162116141062368
3.6849948863427056
3.76417613239033
4.162116141062368
1.665878595895633
4.162116141062368
4.162116141062368
4.463146136726349
3.6849948863427056
4.463146136726349
3.76417613239033
4.162116141062368
4.162116141062368
4.162116141062368
2.391264129420224
2.861086145398387
4.162116141062368
4.463146136726349
3.986024882006687
3.986024882006687
3.1843925357735205
4.463146136726349
4.162116141062368
4.463146136726349
3.6180480967120925
4.162116141062368
4.162116141062368
4.463146136726349
3.6180480967120925
4.162116141062368
3.6849948863427056
4.162116141062368
4.162116141062368
3.508903627287024
3.861086145398387
3.861086145398387
3.76417613239033
4.162116141062368
2.9190780923760737
3.986024882006687
4.162116141062368
4.162116141062368
3.76417613239033
4.162116141062368
2.033393856723942
2.8099336229510055
3.861086145398387
3.861086145398387
4.162116141062368
3.6849948863427056
4.162116141062368
3.986024882006687
3.986024882006687
3.986024882006687
3.861086145398387
4.463146136726349
4.463146136726349
4.463146136726349
4.463146136726349
4.463146136726349
3.421753451568124
3.2078736316230434
3.986024882006687
4.162116141062368
3.76417613239033
3.0829348950147435
3.861086145398387
3.986024882006687
3.986024882006687
4.162116141062368
4.162116141062368
3.6180480967120925
3.986024882006687
3.986024882006687
3.986024882006687
3.986024882006687
3.1843925357735205
3.986024882006687
3.986024882006687
3.986024882006687
3.5600561497344057
2.931667219684094
3.986024882006687
3.986024882006687
3.986024882006687
3.986024882006687
4.162116141062368
4.162116141062368
4.162116141062368
3.6180480967120925
4.162116141062368
3.5600561497344057
3.4631461367263494
3.287054877670668
3.76417613239033
3.76417613239033
3.76417613239033
3.986024882006687
3.76417613239033
3.6849948863427056
3.76417613239033
3.986024882006687
3.986024882006687
3.986024882006687
3.986024882006687
3.3839648906787247
4.463146136726349
4.162116141062368
4.162116141062368
4.162116141062368
3.6849948863427056
4.162116141062368
3.986024882006687
4.463146136726349
3.986024882006687
4.463146136726349
4.463146136726349
3.6849948863427056
4.162116141062368
4.162116141062368
4.162116141062368
4.162116141062368
4.162116141062368
4.463146136726349
4.463146136726349
3.76417613239033
3.5600561497344057
4.162116141062368
3.5600561497344057
3.6849948863427056
3.3492027844195125
3.76417613239033
3.259026154070425
3.986024882006687
2.9717844428920763
3.6180480967120925
3.986024882006687
3.986024882006687
3.259026154070425
3.3170181010481117
3.4631461367263494
3.986024882006687
3.986024882006687
3.861086145398387
3.861086145398387
3.6849948863427056
3.6180480967120925
3.76417613239033
3.861086145398387
3.76417613239033
3.861086145398387
4.162116141062368
4.162116141062368
3.986024882006687
4.162116141062368
3.986024882006687
3.986024882006687
4.162116141062368
4.162116141062368
4.162116141062368
4.162116141062368
3.861086145398387
3.861086145398387
3.861086145398387
3.861086145398387
3.861086145398387
3.861086145398387
2.0939302793162065
3.861086145398387
4.162116141062368
4.162116141062368
2.398688147499431
4.162116141062368
3.986024882006687
3.986024882006687
3.986024882006687
3.986024882006687
3.986024882006687
3.986024882006687
3.986024882006687
3.76417613239033
3.6849948863427056
3.986024882006687
3.861086145398387
2.9068436359590617
3.986024882006687
3.986024882006687
3.986024882006687
1.2850328844117178
3.76417613239033
3.861086145398387
3.065206128054312
3.986024882006687
4.162116141062368
4.162116141062368
3.861086145398387
3.6849948863427056
3.5600561497344057
3.4631461367263494
3.4631461367263494
3.986024882006687
3.76417613239033
3.986024882006687
3.4631461367263494
3.2078736316230434
3.986024882006687
3.986024882006687
3.986024882006687
3.986024882006687
3.986024882006687
3.6849948863427056
4.162116141062368
3.986024882006687
4.162116141062368
3.861086145398387
3.120723455904143
3.861086145398387
3.861086145398387
3.421753451568124
2.861086145398387
3.861086145398387
3.861086145398387
3.508903627287024
4.463146136726349
4.463146136726349
3.986024882006687
3.4631461367263494
4.162116141062368
3.508903627287024
4.162116141062368
3.986024882006687
4.162116141062368
4.463146136726349
4.463146136726349
4.463146136726349
4.463146136726349
3.76417613239033
4.463146136726349
4.162116141062368
4.162116141062368
4.162116141062368
4.162116141062368
4.162116141062368
4.463146136726349
4.162116141062368
4.162116141062368
3.4631461367263494
3.861086145398387
3.986024882006687
4.463146136726349
3.6180480967120925
3.6180480967120925
4.463146136726349
4.463146136726349
4.463146136726349
4.463146136726349
4.463146136726349
4.463146136726349
4.463146136726349
1.9291200306702145
2.755575960628413
3.986024882006687
4.162116141062368
4.162116141062368
3.6849948863427056
3.986024882006687
3.861086145398387
3.1409268419924303
4.463146136726349
3.1409268419924303
4.162116141062368
4.463146136726349
4.463146136726349
3.986024882006687
4.463146136726349
4.463146136726349
4.463146136726349
4.463146136726349
4.463146136726349
4.463146136726349
4.162116141062368
4.463146136726349
4.162116141062368
4.162116141062368
3.6849948863427056
3.3839648906787247
4.162116141062368
3.986024882006687
3.986024882006687
3.861086145398387
3.5600561497344057
4.162116141062368
3.162116141062368
4.463146136726349
4.162116141062368
3.76417613239033
4.463146136726349
4.463146136726349
4.463146136726349
4.463146136726349
4.463146136726349
4.162116141062368
4.162116141062368
3.861086145398387
3.2078736316230434
3.861086145398387
4.162116141062368
3.986024882006687
2.0022482939698016
4.162116141062368
3.861086145398387
4.162116141062368
4.162116141062368
3.6849948863427056
2.048172788755531
4.162116141062368
2.5440680443502757
4.162116141062368
3.120723455904143
3.6180480967120925
4.162116141062368
3.986024882006687
3.986024882006687
4.463146136726349
3.6180480967120925
4.162116141062368
4.463146136726349
4.463146136726349
3.3170181010481117
4.162116141062368
3.6180480967120925
3.76417613239033
4.162116141062368
3.4631461367263494
3.3839648906787247
3.6849948863427056
3.76417613239033
3.0829348950147435
3.6849948863427056
3.986024882006687
3.986024882006687
3.986024882006687
4.162116141062368
4.162116141062368
3.76417613239033
4.463146136726349
3.986024882006687
3.986024882006687
3.6849948863427056
4.162116141062368
3.5600561497344057
3.5600561497344057
3.986024882006687
3.986024882006687
4.463146136726349
4.463146136726349
4.463146136726349
4.463146136726349
4.463146136726349
3.861086145398387
3.986024882006687
4.463146136726349
3.508903627287024
3.986024882006687
4.162116141062368
4.463146136726349
4.463146136726349
4.162116141062368
4.162116141062368
3.3839648906787247
4.162116141062368
4.162116141062368
3.986024882006687
4.463146136726349
4.162116141062368
4.162116141062368
4.162116141062368
4.162116141062368
3.76417613239033
3.986024882006687
3.986024882006687
3.986024882006687
3.986024882006687
4.162116141062368
4.463146136726349
2.692294125084205
4.463146136726349
3.986024882006687
4.463146136726349
4.463146136726349
3.76417613239033
3.76417613239033
3.5600561497344057
3.6180480967120925
3.986024882006687
3.76417613239033
3.76417613239033
3.6180480967120925
3.76417613239033
1.1442484220988627
4.162116141062368
4.162116141062368
4.162116141062368
4.463146136726349
3.6180480967120925
3.76417613239033
4.463146136726349
4.162116141062368
4.162116141062368
4.463146136726349
3.76417613239033
4.463146136726349
3.6849948863427056
4.463146136726349
4.463146136726349
4.463146136726349
4.463146136726349
4.463146136726349
3.986024882006687
1.5777849166948377
4.162116141062368
4.162116141062368
4.463146136726349
3.76417613239033
2.850362280006614
4.162116141062368
4.162116141062368
3.986024882006687
4.463146136726349
4.162116141062368
3.1843925357735205
4.162116141062368
4.162116141062368
3.120723455904143
4.162116141062368
4.463146136726349
3.1409268419924303
4.463146136726349
4.463146136726349
4.463146136726349
3.861086145398387
4.162116141062368
4.463146136726349
4.463146136726349
4.162116141062368
3.76417613239033
4.162116141062368
3.0159881053841304
4.162116141062368
3.986024882006687
4.463146136726349
4.463146136726349
2.205467561857165
4.162116141062368
4.463146136726349
4.463146136726349
4.162116141062368
4.162116141062368
3.986024882006687
3.76417613239033
3.6180480967120925
4.162116141062368
4.463146136726349
4.463146136726349
4.162116141062368
3.3492027844195125
3.861086145398387
4.463146136726349
4.463146136726349
4.463146136726349
3.986024882006687
3.4631461367263494
4.463146136726349
3.986024882006687
4.463146136726349
4.162116141062368
3.986024882006687
3.6180480967120925
4.162116141062368
4.162116141062368
3.2326972153480753
3.986024882006687
3.287054877670668
4.463146136726349
4.162116141062368
3.861086145398387
3.6849948863427056
3.6849948863427056
4.162116141062368
3.76417613239033
4.463146136726349
4.463146136726349
4.162116141062368
3.986024882006687
4.162116141062368
4.162116141062368
2.800388305044775
3.5600561497344057
4.162116141062368
4.463146136726349
4.463146136726349
3.76417613239033
4.463146136726349
2.066946789630613
4.463146136726349
3.861086145398387
3.861086145398387
4.463146136726349
4.162116141062368
3.986024882006687
4.162116141062368
4.162116141062368
3.162116141062368
3.861086145398387
3.2078736316230434
4.162116141062368
3.861086145398387
3.6180480967120925
4.463146136726349
4.463146136726349
4.463146136726349
4.463146136726349
4.162116141062368
4.463146136726349
4.463146136726349
3.4631461367263494
4.162116141062368
4.162116141062368
3.76417613239033
4.162116141062368
4.463146136726349
4.463146136726349
3.76417613239033
3.986024882006687
4.162116141062368
4.463146136726349
4.162116141062368
4.463146136726349
3.861086145398387
4.162116141062368
4.463146136726349
3.3170181010481117
4.162116141062368
4.463146136726349
4.463146136726349
1.7633084108591037
3.76417613239033
4.162116141062368
4.162116141062368
3.2078736316230434
4.463146136726349
4.463146136726349
4.463146136726349
4.463146136726349
4.463146136726349
4.463146136726349
3.986024882006687
3.76417613239033
3.986024882006687
3.986024882006687
3.986024882006687
3.986024882006687
3.986024882006687
4.463146136726349
3.508903627287024
4.463146136726349
4.463146136726349
4.463146136726349
4.463146136726349
4.162116141062368
4.162116141062368
4.162116141062368
4.162116141062368
4.162116141062368
4.162116141062368
3.6849948863427056
4.463146136726349
4.463146136726349
3.1014183007087563
3.6849948863427056
3.5600561497344057
2.1664809464648185
4.463146136726349
4.463146136726349
3.986024882006687
3.986024882006687
3.986024882006687
3.986024882006687
4.463146136726349
4.463146136726349
4.463146136726349
4.463146136726349
4.463146136726349
4.463146136726349
3.4631461367263494
4.463146136726349
4.463146136726349
1.354581112993515
4.463146136726349
4.162116141062368
4.162116141062368
4.162116141062368
4.162116141062368
4.162116141062368
4.162116141062368
3.861086145398387
4.162116141062368
2.6849948863427056
3.76417613239033
3.6180480967120925
3.986024882006687
3.421753451568124
2.74714279309155
4.162116141062368
4.162116141062368
4.463146136726349
4.463146136726349
3.76417613239033
4.463146136726349
4.463146136726349
4.463146136726349
4.463146136726349
4.162116141062368
4.162116141062368
3.3492027844195125
4.162116141062368
4.162116141062368
3.861086145398387
4.162116141062368
4.162116141062368
4.162116141062368
4.162116141062368
3.986024882006687
3.76417613239033
3.76417613239033
4.162116141062368
4.162116141062368
4.162116141062368
3.986024882006687
3.986024882006687
4.463146136726349
3.861086145398387
1.637071334025523
4.162116141062368
3.986024882006687
3.065206128054312
4.162116141062368
4.162116141062368
4.162116141062368
4.162116141062368
4.162116141062368
4.463146136726349
3.5600561497344057
1.0233399253330193
3.986024882006687
4.162116141062368
4.162116141062368
3.986024882006687
4.162116141062368
4.463146136726349
4.162116141062368
4.162116141062368
4.162116141062368
4.162116141062368
4.162116141062368
2.1866843325531056
4.463146136726349
4.463146136726349
4.463146136726349
4.463146136726349
4.463146136726349
4.463146136726349
4.463146136726349
3.4631461367263494
3.76417613239033
4.463146136726349
4.162116141062368
4.463146136726349
4.463146136726349
3.986024882006687
3.861086145398387
3.986024882006687
3.986024882006687
3.986024882006687
3.986024882006687
4.463146136726349
3.861086145398387
3.3170181010481117
4.162116141062368
4.162116141062368
4.463146136726349
4.463146136726349
4.463146136726349
3.259026154070425
4.162116141062368
1.470151038295008
4.162116141062368
4.463146136726349
3.5600561497344057
4.463146136726349
4.463146136726349
4.463146136726349
4.162116141062368
4.463146136726349
4.463146136726349
3.6180480967120925
3.031782372567362
3.986024882006687
3.3170181010481117
4.463146136726349
4.463146136726349
3.162116141062368
3.861086145398387
3.76417613239033
4.463146136726349
4.162116141062368
4.463146136726349
4.463146136726349
4.463146136726349
4.463146136726349
4.463146136726349
3.986024882006687
4.463146136726349
2.593914416995373
3.986024882006687
4.463146136726349
3.986024882006687
4.162116141062368
4.162116141062368
4.162116141062368
4.162116141062368
4.162116141062368
4.162116141062368
4.162116141062368
4.162116141062368
2.1347665332876113
4.162116141062368
4.463146136726349
3.76417613239033
3.6849948863427056
3.861086145398387
4.463146136726349
4.463146136726349
4.463146136726349
4.162116141062368
4.463146136726349
4.463146136726349
3.861086145398387
4.463146136726349
4.162116141062368
1.9731876573015148
4.463146136726349
4.162116141062368
3.986024882006687
4.162116141062368
3.986024882006687
3.986024882006687
3.986024882006687
4.463146136726349
3.6180480967120925
4.463146136726349
3.5600561497344057
3.6849948863427056
4.463146136726349
3.6849948863427056
4.162116141062368
4.162116141062368
3.3492027844195125
4.162116141062368
4.162116141062368
4.463146136726349
3.76417613239033
4.463146136726349
3.2326972153480753
4.463146136726349
3.5600561497344057
3.6180480967120925
2.5766554115538676
2.8398968463284486
3.031782372567362
2.019101340808273
3.6180480967120925
4.162116141062368
2.9068436359590617
4.162116141062368
4.463146136726349
4.463146136726349
4.463146136726349
4.463146136726349
4.463146136726349
4.162116141062368
4.463146136726349
4.463146136726349
3.861086145398387
4.463146136726349
2.3875991753338184
3.986024882006687
3.5600561497344057
3.986024882006687
4.463146136726349
4.463146136726349
4.463146136726349
4.463146136726349
4.162116141062368
3.986024882006687
3.5600561497344057
4.463146136726349
4.162116141062368
4.463146136726349
4.463146136726349
4.463146136726349
4.463146136726349
3.861086145398387
4.162116141062368
4.162116141062368
4.463146136726349
4.463146136726349
4.463146136726349
4.162116141062368
4.162116141062368
4.162116141062368
4.162116141062368
4.463146136726349
4.463146136726349
3.76417613239033
4.463146136726349
3.861086145398387
4.463146136726349
3.76417613239033
4.162116141062368
4.162116141062368
4.162116141062368
4.463146136726349
4.463146136726349
3.986024882006687
4.162116141062368
4.162116141062368
4.463146136726349
4.463146136726349
4.463146136726349
4.463146136726349
4.463146136726349
4.463146136726349
4.463146136726349
3.6849948863427056
4.463146136726349
4.463146136726349
4.463146136726349
4.463146136726349
4.463146136726349
2.9717844428920763
3.6180480967120925
4.463146136726349
4.463146136726349
3.421753451568124
1.9190780923760737
3.1409268419924303
4.463146136726349
4.463146136726349
4.463146136726349
4.463146136726349
4.463146136726349
4.463146136726349
4.463146136726349
4.162116141062368
4.463146136726349
4.162116141062368
4.463146136726349
3.4631461367263494
3.76417613239033
4.463146136726349
4.463146136726349
4.463146136726349
4.162116141062368
4.162116141062368
4.463146136726349
3.861086145398387
3.986024882006687
4.463146136726349
3.986024882006687
3.986024882006687
3.6180480967120925
3.5600561497344057
4.162116141062368
4.162116141062368
4.162116141062368
4.162116141062368
4.162116141062368
4.463146136726349
4.463146136726349
4.463146136726349
4.162116141062368
4.463146136726349
3.986024882006687
3.861086145398387
3.1843925357735205
4.463146136726349
4.463146136726349
3.986024882006687
4.463146136726349
3.3492027844195125
2.0448448454066037
4.162116141062368
4.162116141062368
4.463146136726349
4.463146136726349
4.463146136726349
4.463146136726349
3.6849948863427056
4.463146136726349
3.76417613239033
4.463146136726349
4.463146136726349
4.463146136726349
4.463146136726349
3.4631461367263494
4.463146136726349
4.463146136726349
3.986024882006687
3.986024882006687
4.463146136726349
4.463146136726349
4.463146136726349
4.463146136726349
4.162116141062368
4.162116141062368
4.463146136726349
4.463146136726349
2.957996158406443
4.463146136726349
3.6849948863427056
4.463146136726349
4.162116141062368
3.6180480967120925
4.162116141062368
4.162116141062368
4.162116141062368
4.463146136726349
4.463146136726349
4.162116141062368
3.76417613239033
3.861086145398387
4.162116141062368
4.162116141062368
4.162116141062368
4.162116141062368
4.162116141062368
4.162116141062368
3.986024882006687
3.861086145398387
3.0007481388273933
4.162116141062368
3.76417613239033
4.162116141062368
4.162116141062368
3.6180480967120925
4.162116141062368
4.162116141062368
3.76417613239033
4.162116141062368
2.4675109421287997
4.162116141062368
4.162116141062368
4.162116141062368
4.162116141062368
3.986024882006687
3.986024882006687
3.986024882006687
3.986024882006687
3.986024882006687
4.162116141062368
4.162116141062368
4.162116141062368
4.162116141062368
3.861086145398387
3.986024882006687
3.2078736316230434
4.162116141062368
4.162116141062368
4.162116141062368
4.463146136726349
3.986024882006687
3.986024882006687
4.162116141062368
4.463146136726349
3.861086145398387
4.162116141062368
4.162116141062368
4.162116141062368
3.861086145398387
4.463146136726349
3.986024882006687
4.463146136726349
3.6849948863427056
4.463146136726349
2.9068436359590617
4.162116141062368
4.162116141062368
4.162116141062368
4.162116141062368
4.162116141062368
4.162116141062368
4.162116141062368
4.162116141062368
4.162116141062368
3.986024882006687
4.162116141062368
4.162116141062368
3.3839648906787247
4.162116141062368
4.463146136726349
4.463146136726349
3.1014183007087563
4.463146136726349
4.463146136726349
4.162116141062368
4.162116141062368
4.162116141062368
4.162116141062368
3.6849948863427056
4.463146136726349
1.6475683884020822
3.3839648906787247
3.986024882006687
4.162116141062368
3.6180480967120925
3.6180480967120925
4.463146136726349
4.463146136726349
4.463146136726349
4.463146136726349
4.162116141062368
4.463146136726349
4.463146136726349
4.463146136726349
3.986024882006687
4.463146136726349
4.463146136726349
4.463146136726349
4.463146136726349
4.463146136726349
4.463146136726349
3.861086145398387
4.463146136726349
4.162116141062368
4.162116141062368
4.162116141062368
3.861086145398387
4.162116141062368
4.162116141062368
4.162116141062368
4.162116141062368
3.861086145398387
4.162116141062368
4.162116141062368
3.986024882006687
3.986024882006687
3.287054877670668
4.162116141062368
4.463146136726349
4.463146136726349
3.259026154070425
4.162116141062368
4.162116141062368
4.162116141062368
4.162116141062368
4.162116141062368
3.986024882006687
3.986024882006687
4.162116141062368
4.162116141062368
4.162116141062368
4.162116141062368
4.162116141062368
3.6180480967120925
3.6180480967120925
4.162116141062368
4.162116141062368
3.259026154070425
3.76417613239033
4.162116141062368
4.162116141062368
4.162116141062368
4.162116141062368
3.986024882006687
3.986024882006687
3.986024882006687
4.463146136726349
3.6849948863427056
4.463146136726349
3.861086145398387
3.861086145398387
4.162116141062368
4.463146136726349
4.463146136726349
4.162116141062368
4.162116141062368
3.259026154070425
4.162116141062368
3.986024882006687
3.986024882006687
3.986024882006687
3.76417613239033
3.986024882006687
3.76417613239033
3.508903627287024
3.986024882006687
3.76417613239033
3.986024882006687
3.861086145398387
4.162116141062368
3.986024882006687
3.986024882006687
4.162116141062368
3.76417613239033
3.6849948863427056
4.463146136726349
4.463146136726349
4.463146136726349
4.463146136726349
4.463146136726349
4.463146136726349
4.463146136726349
3.3839648906787247
4.463146136726349
4.162116141062368
3.76417613239033
3.76417613239033
4.162116141062368
4.162116141062368
4.162116141062368
4.162116141062368
4.162116141062368
4.162116141062368
4.162116141062368
3.986024882006687
3.986024882006687
4.162116141062368
3.986024882006687
3.986024882006687
4.162116141062368
3.986024882006687
3.6180480967120925
3.2326972153480753
3.986024882006687
3.986024882006687
1.839896846328449
3.986024882006687
3.508903627287024
1.7065100284805015
3.986024882006687
3.986024882006687
3.986024882006687
3.986024882006687
3.6180480967120925
3.4631461367263494
3.861086145398387
3.986024882006687
3.986024882006687
3.986024882006687
3.986024882006687
3.986024882006687
3.986024882006687
3.986024882006687
4.463146136726349
4.463146136726349
4.463146136726349
3.6849948863427056
3.986024882006687
4.463146136726349
4.162116141062368
4.162116141062368
4.162116141062368
4.162116141062368
4.162116141062368
4.463146136726349
4.463146136726349
4.463146136726349
3.986024882006687
3.6849948863427056
4.463146136726349
4.463146136726349
4.463146136726349
4.463146136726349
4.162116141062368
4.162116141062368
1.7396904646911637
4.463146136726349
3.986024882006687
3.986024882006687
3.986024882006687
3.986024882006687
3.986024882006687
3.986024882006687
3.986024882006687
3.986024882006687
3.986024882006687
4.463146136726349
4.463146136726349
4.463146136726349
4.463146136726349
4.463146136726349
4.463146136726349
4.162116141062368
4.463146136726349
4.463146136726349
4.463146136726349
4.463146136726349
4.463146136726349
2.755575960628413
4.463146136726349
4.463146136726349
4.162116141062368
4.162116141062368
4.463146136726349
4.162116141062368
4.463146136726349
4.463146136726349
3.6180480967120925
4.463146136726349
4.463146136726349
3.861086145398387
4.162116141062368
3.6849948863427056
3.0007481388273933
4.463146136726349
4.463146136726349
2.9717844428920763
4.162116141062368
4.162116141062368
4.162116141062368
4.162116141062368
3.986024882006687
4.463146136726349
4.162116141062368
4.162116141062368
4.162116141062368
2.9717844428920763
4.463146136726349
4.463146136726349
4.162116141062368
4.463146136726349
4.162116141062368
4.463146136726349
4.162116141062368
4.162116141062368
4.463146136726349
4.463146136726349
4.463146136726349
4.463146136726349
4.463146136726349
1.2943541164121677
3.259026154070425
4.463146136726349
4.463146136726349
4.463146136726349
4.463146136726349
3.2078736316230434
4.463146136726349
2.931667219684094
4.463146136726349
4.463146136726349
4.463146136726349
4.162116141062368
3.3839648906787247
3.986024882006687
3.986024882006687
3.4631461367263494
4.463146136726349
4.162116141062368
4.463146136726349
4.463146136726349
4.162116141062368
4.162116141062368
4.162116141062368
4.463146136726349
4.463146136726349
4.463146136726349
4.463146136726349
4.463146136726349
4.463146136726349
4.463146136726349
4.463146136726349
2.8099336229510055
4.463146136726349
4.463146136726349
4.463146136726349
4.463146136726349
4.463146136726349
4.463146136726349
4.463146136726349
4.463146136726349
4.463146136726349
4.463146136726349
4.463146136726349
4.463146136726349
4.463146136726349
4.463146136726349
4.463146136726349
4.162116141062368
4.162116141062368
4.162116141062368
4.162116141062368
4.162116141062368
3.4631461367263494
3.861086145398387
4.463146136726349
4.463146136726349
3.986024882006687
4.162116141062368
4.162116141062368
4.162116141062368
4.463146136726349
4.463146136726349
4.463146136726349
4.162116141062368
4.463146136726349
4.463146136726349
4.463146136726349
4.463146136726349
4.162116141062368
4.463146136726349
4.463146136726349
3.986024882006687
4.463146136726349
3.3492027844195125
2.730752376903381
4.463146136726349
4.463146136726349
4.463146136726349
4.463146136726349
4.463146136726349
3.1409268419924303
4.463146136726349
4.463146136726349
4.463146136726349
4.463146136726349
4.463146136726349
2.060025615550532
4.162116141062368
4.463146136726349
4.463146136726349
4.463146136726349
4.463146136726349
4.463146136726349
4.463146136726349
4.463146136726349
4.463146136726349
4.463146136726349
4.463146136726349
4.463146136726349
4.463146136726349
4.463146136726349
4.463146136726349
4.463146136726349
4.463146136726349
4.463146136726349
4.463146136726349
3.861086145398387
4.162116141062368
4.463146136726349
4.162116141062368
4.463146136726349
4.463146136726349
4.463146136726349
4.463146136726349
3.76417613239033
4.463146136726349
4.463146136726349
4.463146136726349
4.463146136726349
4.463146136726349
4.463146136726349
4.463146136726349
4.463146136726349
4.463146136726349
4.463146136726349
4.463146136726349
4.463146136726349
4.463146136726349
4.463146136726349
4.463146136726349
4.463146136726349
4.463146136726349
4.463146136726349
2.7729500566978356
4.463146136726349
4.463146136726349
4.463146136726349
4.463146136726349
4.463146136726349
4.463146136726349
4.463146136726349
4.162116141062368
4.463146136726349
4.463146136726349
4.463146136726349
4.463146136726349
4.463146136726349
4.463146136726349
4.463146136726349
4.463146136726349
4.463146136726349
3.76417613239033
4.463146136726349
4.463146136726349
4.463146136726349
2.944632196848462
4.463146136726349
4.463146136726349
3.6849948863427056
4.463146136726349
4.463146136726349
4.463146136726349
4.463146136726349
4.463146136726349
4.463146136726349
4.162116141062368
4.463146136726349
4.463146136726349
4.463146136726349
4.463146136726349
4.463146136726349
4.463146136726349
4.463146136726349
3.6849948863427056
4.463146136726349
4.463146136726349
4.463146136726349
3.986024882006687
4.162116141062368
4.162116141062368
4.463146136726349
3.861086145398387
3.986024882006687
4.463146136726349
4.463146136726349
4.463146136726349
4.463146136726349
4.463146136726349
4.463146136726349
4.463146136726349
4.463146136726349
4.463146136726349
4.463146136726349
4.463146136726349
3.1843925357735205
4.162116141062368
1.327060039342252
3.861086145398387
4.162116141062368
3.861086145398387
2.2127261344174554
3.861086145398387
4.463146136726349
3.76417613239033
3.6849948863427056
3.986024882006687
3.76417613239033
4.162116141062368
4.463146136726349
3.6849948863427056
3.861086145398387
2.9717844428920763
3.861086145398387
3.986024882006687
4.463146136726349
3.76417613239033
4.463146136726349
4.463146136726349
4.463146136726349
3.861086145398387
4.463146136726349
4.162116141062368
3.76417613239033
3.861086145398387
3.421753451568124
3.5600561497344057
3.986024882006687
3.986024882006687
3.861086145398387
4.162116141062368
4.162116141062368
3.861086145398387
3.861086145398387
3.986024882006687
4.162116141062368
3.6849948863427056
4.162116141062368
3.986024882006687
2.9717844428920763
2.118753863041239
4.463146136726349
3.986024882006687
4.162116141062368
2.957996158406443
4.162116141062368
3.986024882006687
3.76417613239033
3.986024882006687
3.3170181010481117
3.861086145398387
3.162116141062368
2.829677681146763
4.463146136726349
4.463146136726349
4.162116141062368
4.463146136726349
4.463146136726349
3.5600561497344057
3.861086145398387
4.463146136726349
3.6180480967120925
4.162116141062368
4.162116141062368
4.162116141062368
4.463146136726349
2.225100033597554
4.463146136726349
3.986024882006687
4.463146136726349
4.162116141062368
4.162116141062368
4.162116141062368
4.162116141062368
4.162116141062368
4.162116141062368
3.986024882006687
4.463146136726349
4.162116141062368
4.463146136726349
4.162116141062368
1.1484364437711758
4.463146136726349
4.162116141062368
3.6849948863427056
3.986024882006687
4.162116141062368
4.463146136726349
4.463146136726349
4.463146136726349
4.463146136726349
4.463146136726349
4.463146136726349
4.463146136726349
3.2326972153480753
3.2078736316230434
3.0829348950147435
2.008301276717839
3.986024882006687
2.5546611178477
4.162116141062368
2.5600561497344057
4.162116141062368
2.7227834472321053
3.287054877670668
3.986024882006687
3.3170181010481117
4.162116141062368
2.931667219684094
3.508903627287024
3.6180480967120925
3.6180480967120925
4.162116141062368
4.463146136726349
3.76417613239033
3.508903627287024
4.463146136726349
2.485422531437502
3.0159881053841304
4.463146136726349
3.1843925357735205
2.2536311221837186
3.421753451568124
3.76417613239033
2.986024882006687
3.3492027844195125
3.861086145398387
3.6849948863427056
4.463146136726349
4.162116141062368
3.6180480967120925
3.76417613239033
3.986024882006687
3.76417613239033
3.508903627287024
3.986024882006687
3.986024882006687
3.5600561497344057
3.0007481388273933
3.6849948863427056
4.162116141062368
3.6180480967120925
3.3170181010481117
3.5600561497344057
3.986024882006687
3.861086145398387
3.76417613239033
3.1409268419924303
4.162116141062368
3.508903627287024
3.76417613239033
3.986024882006687
4.463146136726349
4.162116141062368
3.986024882006687
3.861086145398387
4.162116141062368
3.5600561497344057
3.986024882006687
3.986024882006687
4.162116141062368
4.162116141062368
3.986024882006687
4.162116141062368
3.986024882006687
3.986024882006687
3.861086145398387
3.861086145398387
4.463146136726349
4.463146136726349
2.1599500793058604
3.861086145398387
3.861086145398387
4.162116141062368
4.162116141062368
4.463146136726349
2.829677681146763
4.463146136726349
4.463146136726349
3.76417613239033
4.162116141062368
3.76417613239033
4.162116141062368
3.986024882006687
4.463146136726349
3.986024882006687
4.463146136726349
3.986024882006687
3.508903627287024
4.463146136726349
2.9068436359590617
3.986024882006687
4.162116141062368
4.162116141062368
4.162116141062368
4.162116141062368
4.162116141062368
4.162116141062368
3.6180480967120925
3.861086145398387
3.861086145398387
3.986024882006687
4.162116141062368
4.162116141062368
4.463146136726349
3.986024882006687
4.463146136726349
4.162116141062368
4.463146136726349
4.463146136726349
4.463146136726349
4.463146136726349
3.4631461367263494
2.8949444126593544
3.861086145398387
3.508903627287024
4.162116141062368
4.463146136726349
4.463146136726349