0.3179756837734234
0.2929429143291563
0.3099474680771643
0.2921086889624733
0.2959803162876715
0.30850693974138443
0.2849664291326735
0.28084740644982203
0.26301554955409523
0.2897997311047362
0.2628255065582745
0.26661820214776133
0.3289398956216817
0.29830375255552055
0.27070381431931806
0.3154353893602063
0.2876842088045417
0.27457935428402985
0.2737303065908818
0.310915410929149
0.31647876663858676
0.31829778111720164
0.3689536586972743
0.30180533784877145
0.3080539588721946
0.2922853582412439
0.3080539588721946
0.3010057836652664
0.2962442296544555
0.3080381721144964
0.2976402815915463
0.28361791426087296
0.2746681647889507
0.25769941800624857
0.2862249633165562
0.27055933268691945
0.25842697950406024
0.2727582363161289
0.2817144765483701
0.2777883751601008
0.27868407786978433
0.31014568350944377
0.2893247300335504
0.3080539588721946
0.2790287818006279
0.31221586937954976
0.30261645411732124
0.2990368269435174
0.3326665154704351
0.29011163950810603
0.2657952403858216
0.32181310569154403
0.2844740873491591
0.3025647821755909
0.28498937959565457
0.3525070700311
0.2786634724487516
0.2747865090826647
0.306882074319145
0.2805987138504126
0.2930405410462895
0.27918045259831553
0.302025943646919
0.30219707905063986
0.28769717747325957
0.2967735198025887
0.32092734518350263
0.3015807411730489
0.2798519618706674
0.34987755294655387
0.2826149898694655
0.2995432186125701
0.27888742430104896
0.2984056802373347
0.3272715592490846
0.3904726876989939
0.2688157608775349
0.2920506128341396
0.2877420271259818
0.28727450204993343
0.30261645411732124
0.27633318161598813
0.3096052376992441
0.30586244010017444
0.2934395511579944
0.26241881498262215
0.26491253232243245
0.30330245249346166
0.30349647197953195
0.3206687855785312
0.3033833231350416
0.2876842088045417
0.2977734288904161
0.3520857916547176
0.316966115588175
0.3387405527201539
0.3084442875079179
0.30240455049265746
0.26841848760640047
0.2805200514692398
0.31785684758247257
0.2890125791329983
0.27789025337541123
0.29673163629854105
0.29785778962761955
0.2725495243875293
0.26182712515745793
0.30295653619008217
0.27539610625154776
0.2521627725234043
0.2681280294534831
0.28655584456547584
0.3183249658570104
0.2899920378015313
0.2709145547657486
0.28689965389163974
0.31164323490149815
0.2860598226057648
0.26588618196064406
0.3297897877461981
0.32341449571476477
0.353429822252255
0.3545187113477236
0.28553849655516317
0.384551177947431
0.27838692313156654
0.3227206358913111
0.4013411101458082
0.3048895064386334
0.2929272425616852
0.30036646182008847
0.2885682738861825
0.3699741533463595
0.27469298005376813
0.3173179248585576
0.266318544192935
0.3317861183841488
0.27217537067593256
0.28502692984023453
0.2862314022893521
0.2923989378338646
0.2655222090898919
0.2821593622342284
0.2807079656378693
0.28904130386702104
0.31416865316295245
0.2531764102411841
0.2848755633849331
0.2735241186001267
0.26600511710739105
0.3084268089065924
0.28984603169621287
0.31869034301753774
0.3805099529469964
0.3096857624835625
0.30546521497741785
0.28833436609698526
0.3164171479843099
0.2942346396882189
0.29658642645510236
0.27347965500865734
0.26618862828797557
0.28138014998094235
0.27613465179877456
0.29089223819282267
0.3236051084264666
0.30422713941297425
0.28650159022657284
0.3592917552025445
0.2913632174753806
0.31351276386837035
0.28291350613184446
0.32185340527680706
0.2794673203412504
0.33332468535218673
0.3122396818227592
0.2947746885488106
0.3658646714403252
0.3521370683106044
0.2678560352517043
0.25470668805200675
0.264933137390419
0.27023907427901256
0.2692941058130597
0.32618980522050506
0.24471192565427566
0.30047000929675993
0.29763214443662583
0.2932062423876979
0.29939818246024974
0.31882413790872793
0.30406123299633353
0.31195352995273484
0.30330910246702425
0.30288780132238535
0.28047352819859533
0.31647448826623825
0.2577565413164524
0.3224680855832813
0.29892433795249185
0.3001112708294172
0.31627664027463537
0.30870223489341736
0.29069707988017696
0.29214076818887225
0.3239224543354463
0.2930089769468686
0.35575192218342244
0.3045738490487799
0.2914343249525454
0.3021643706127002
0.3305990505416197
0.31272305394792066
0.34235121966044246
0.3006620763489891
0.2738572003532002
0.30048669203666845
0.25866288377045954
0.39379412300262
0.2517278293618484
0.28368638812234476
0.24928561912317318
0.2889961033064161
0.37755247683066984
0.3202485548765417
0.3185754111907063
0.2697076831707176
0.31287638850019966
0.3275105267926481
0.2935965275341549
0.3164171479843099
0.31380283188635527
0.31724115653379475
0.3242385531265888
0.2894543974630388
0.2696250288249952
0.28355209004004117
0.30055103369495223
0.3611823329408899
0.2653531290865583
0.3339206428940658
0.2772615800466115
0.2646323963904321
0.3090860234268269
0.2670566047446707
0.29499843549062427
0.26125959500264767
0.4080137357283525
0.27759045967988305
0.262354652827547
0.2673100089529913
0.2979966348719844
0.297252531001834
0.3580359716976428
0.2957557677717667
0.2576875790229377
0.2774955119235799
0.384551177947431
0.28607193869424047
0.3282622963056723
0.2767437889009813
0.28092262630514964
0.30147279537357613
0.3164171479843099
0.2724925911398973
0.28684998929801464
0.22563750162354274
0.33220383650063523
0.28963307139461913
0.3350710547531183
0.2915796003042396
0.27539208679889815
0.28657658023154003
0.2687695993203834
0.26258825838785
0.2866263451775553
0.37606600008807123
0.2866918190184324
0.2687907768711366
0.3370631449280115
0.28127096890063336
0.29297713339218073
0.3164171479843099
0.2591320986302291
0.26976249777830674
0.3170088200680483
0.2691802144603271
0.2971788963732789
0.2683422542776294
0.26107369821041654
0.26326129188087327
0.344773549794713
0.2661472882997984
0.279381212109735
0.29035269195409846
0.27461865460401796
0.2747487211060101
0.29648137371574607
0.30380405925175535
0.27773791190554736
0.26921040761558546
0.2850341405633558
0.25506025539455196
0.26962123834711915
0.24230862777974485
0.2496807677216739
0.2676818650089086
0.2700885884130359
0.3035858156131479
0.2995425977194096
0.29631026392710275
0.2835307110486629
0.2541833218156582
0.2886349609196768
0.28162705336729044
0.3020166857549772
0.278258023462496
0.2778977198944885
0.3182920906636099
0.2588849456080838
0.30554813248977486
0.3023852926728656
0.29802689424382384
0.2915155394699547
0.2976788731154835
0.300697625246906
0.2876480953372158
0.30202532314755853
0.3038964490617737
0.3038964490617737
0.2660779716637247
0.2644698740858911
0.30654512641693255
0.3068480820755392
0.3177588052695003
0.3003697396532204
0.2577656646080471
0.3172032584852375
0.30992416784392385
0.31204592440072215
0.31204592440072215
0.3119105171933337
0.3614993880141562
0.291231494921855
0.2976402815915463
0.28361791426087296
0.36852000020240533
0.31863754311331943
0.3421336291392335
0.2873893996897191
0.3235477623254493
0.3265647685733834
0.3004981281041071
0.3217474776265851
0.35145975715899913
0.3335619656123852
0.2840679726686691
0.2880567976610316
0.258979343662609
0.31088971714206304
0.30294197442037185
0.27868407786978433
0.2961345683347763
0.32286217355287733
0.3654878090237632
0.2588171435425069
0.30216200011584726
0.277435228940664
0.2717650910092405
0.3098416524925449
0.4168824897864864
0.2682482760570967
0.2993036339331583
0.28969815322818276
0.33525626051037277
0.30299356783417747
0.255627030666518
0.28375035355028505
0.2863817217268217
0.29267889120993984
0.2609101265187668
0.29738663710426577
0.34287898766902203
0.2828774235631885
0.29628947725571897
0.26055194795143194
0.3077013667788176
0.2983184790382381
0.30277356077548134
0.26209380522093295
0.32745495536119307
0.25649976010708875
0.2681280294534831
0.27389691722443554
0.3124631086394299
0.3610130653108825
0.26681133482447733
0.28444417658021415
0.28855609386499304
0.27838692313156654
0.27570740838969204
0.2925932226016799
0.3002134950449329
0.3262676588564485
0.28057006837476167
0.2560276410752462
0.30803402590291956
0.28004765832631573
0.28004765832631573
0.2796775209187188
0.3491498981558276
0.27925902421769183
0.35635232794606153
0.28742906824631315
0.3214944871894582
0.2808745270880853
0.29593055516096317
0.2720143820589845
0.2762283704714269
0.3135350752661125
0.3184530405023566
0.28138014998094235
0.2723050549425919
0.2824958122619081
0.3051039306401656
0.3163593080818405
0.2925898208189763
0.30774829499783196
0.8405776483315681
0.27016994375254233
0.2692941058130597
0.3196655842594666
0.3223681289782802
0.2619158638896217
0.2680867926301908
0.3522317333462257
0.3091608564711744
0.28569347173163456
0.2480862074553121
0.24759250052336065
0.2892283729137832
0.26429726618421506
0.2700468000009563
0.298719151652189
0.30607173598374865
0.2851848779511506
0.33079777323396836
0.279450988612755
0.3194122562705472
0.2586628168815697
0.3200592752111708
0.3131479382949443
0.31883547221838165
0.25436170702613886
0.2798296326451168
0.25400104199441476
0.28028293934976467
0.26384052453403045
0.2645769252385321
0.256268862213389
0.31924355964799533
0.26720987124672746
0.24278924005985558
0.2957557677717667
0.27539729990801154
0.2923717037084057
0.25698208010476964
0.2873332436807742
0.28059840752157944
0.311853887244685
0.2541246007261852
0.2894221752666408
0.26985009550313643
0.2756990237090393
0.25255422978692993
0.2795358588411341
0.2522102419814539
0.26205345590602663
0.2588207219984746
0.279292115470458
0.30202532314755853
0.3179756837734234
0.24755249614803518
0.29803255082720576
0.2929429143291563
0.3038964490617737
0.3038964490617737
0.3183050470530062
0.2660779716637247
0.31281375626209523
0.3099474680771643
0.5663719262711033
0.2644698740858911
0.2921086889624733
0.30309861201188
0.31213491006894056
0.30850693974138443
0.3177588052695003
0.29553537189528617
0.3643780856605381
0.3173575169041402
0.2652855773114814
0.2652075605489882
0.29830375255552055
0.2577656646080471
0.3154353893602063
0.2876842088045417
0.2759333250510212
0.310915410929149
0.31647876663858676
0.2849921329149754
0.31204592440072215
0.31204592440072215
0.2962442296544555
0.3080381721144964
0.2976402815915463
0.28361791426087296
0.3565209532395952
0.3517548359011703
0.3265647685733834
0.3037074233473905
0.3149709698132348
0.3051649767208098
0.3217474776265851
0.3335619656123852
0.2840679726686691
0.30401632931055755
0.2878799525645209
0.2748319353339354
0.3053407921135048
0.3489883235625604
0.2777883751601008
0.30294197442037185
0.33204533139657916
0.3236064385587698
0.272450388507077
0.32286217355287733
0.28041069325662893
0.3654878090237632
0.300663745574623
0.28683597264920135
0.2806402409347605
0.26313171749449527
0.29301402537240556
0.2588171435425069
0.3342109728617595
0.3958631758591794
0.2993036339331583
0.34576240559483934
0.28969815322818276
0.3285738568019488
0.33525626051037277
0.306882074319145
0.47245176160012703
0.30299356783417747
0.29117481487339797
0.28375035355028505
0.317657091512471
0.330776612293528
0.36342986893035145
0.29267889120993984
0.2609101265187668
0.34287898766902203
0.37707988815108884
0.2828774235631885
0.308961211555982
0.2824321432341568
0.2983184790382381
0.3004311496313285
0.34987755294655387
0.2826149898694655
0.3257492521509768
0.2995432186125701
0.2984056802373347
0.30615429805557
0.27248387918222783
0.3904726876989939
0.2740142165718141
0.2877420271259818
0.28727450204993343
0.3345097268924571
0.28493379069495034
0.2865192160277978
0.2553209122393492
0.33793390789972605
0.32837102231224197
0.8405776483315681
0.3012997315533215
0.2790562760235249
0.27827869913124686
0.3047129412233378
0.29486559357789405
0.28823771175422885
0.30330245249346166
0.3116213231272159
0.3076482437172896
0.34100773162400627
0.2918570642807145
0.2734151051124396
0.2876842088045417
0.27449066354734775
0.3520857916547176
0.3092304551277386
0.39077009594160456
0.2839707590414332
0.3387405527201539
0.27492285742714645
0.4705707742918858
0.30066405241227856
0.3336695221213242
0.3000834173162578
0.27551113040261377
0.41701387311628985
0.32939131038490105
0.31084654239051734
0.29801240209164076
0.30394317242697694
0.29566925489925067
0.27998450536733616
0.28837649147048156
0.3450554683182738
0.29258407848116813
0.30788003248329454
0.29140112670451185
0.2912106099827408
0.30664649853460707
0.34768302857027245
0.3214944871894582
0.3093780006042376
0.3310107276369987
0.2951773809035409
0.26484361171992976
0.33428328305515964
0.2734370687205474
0.2942346396882189
0.3135350752661125
0.3109039416653594
0.27307694173472685
0.3130496084228289
0.3471108306708863
0.3126750943254724
0.37357283206164554
0.3164171479843099
0.2745834826956441
0.3137359576267243
0.2992227469145866
0.2836717817378569
0.26584049660906767
0.2707625952833935
0.3078415077759793
0.3408956515620614
0.4243025126498169
0.33102547803779514
0.29606007174971866
0.25580048013264156
0.3182693222035148
0.41062469400337775
0.29321317133757785
0.2797542284639023
0.32989788561917244
0.25729642021789173
0.29132381179047917
0.28526759832505794
0.275768082945688
0.3176344392573621
0.2907935629343893
0.2824639574201513
0.3522317333462257
0.2774644439535726
0.354616493943306
0.316300353622542
0.274460588629846
0.2977213847523984
0.25029756495312844
0.298719151652189
0.2851848779511506
0.3018711498024733
0.3240177887308097
0.3181569739581225
0.27462737899111594
0.27727401793749085
0.24920608432413865
0.2952049545232484
0.26992438926197443
0.29403341469022276
0.29219847880378746
1.0
0.3182047962631325
0.2855556688810552
0.3040681360202657
0.28224937835309066
0.33425039138130624
0.30084781351439494
0.28914647885135203
0.3626296943200375
0.25436170702613886
0.2700626322984485
0.28395406493140934
0.30892156714903085
0.3185754111907063
0.3064531606988094
0.28404882996282066
0.2896305961936123
0.2521663099870868
0.322961161531793
0.30312185228072114
0.26384052453403045
0.44805153994819946
0.29447650463910197
0.277450214224139
0.27845855628484417
0.28615513428605005
0.29900486635617723
0.3174429782905271
0.31379318019835944
0.2940317093124853
0.2673100089529913
0.2688739290259667
0.2855339704973952
0.2897383767639477
0.2622360612316832
0.3126750943254724
0.27309801032576275
0.2595766356087845
0.2745834826956441
0.27207252640961244
0.2831511007378567
0.2728047553228435
0.27484999854489434
0.2879363470907459
0.2776982198920536
0.2978919855777208
0.31358565682249584
0.3265624383636554
0.2550464168681958
0.28586863118647066
0.30982748003921845
0.24983138424382353
0.23828404306407103
0.28225065833148305
0.3195873210574341
0.27806228764564483
0.3330566301592135
0.3370631449280115
0.37792906850703606
0.281866151123111
0.2808203129206777
0.2843579060201097
0.29802509209819705
0.30761709556461503
0.2912455930733491
0.30616708334976067
0.2956783009024118
0.2739716701311549
0.2730658589748584
0.2541246007261852
0.3020185875359266
0.2868854439198859
0.3075644078539335
0.24525734281172518
0.289822283358782
0.8405776483315681
0.29590581036178865
0.31811074101967934
0.2719338986990667
0.2943121464215631
0.3034505513084234
0.2841093417178463
0.25847715421513207
0.27083764951070943
0.2980226216890614
0.31568385960603307
0.27778927850343565
0.2978319324164662
0.26066665368050645
0.27495310390912703
0.2823767606365222
0.2670963925704291
0.2797844796900956
0.42209671367214424
0.26726201875002076
0.2810561099648805
0.2588207219984746
0.275570557680473
0.26932790243277027
0.8405776483315681
0.27884112147223516
0.2543436898005215
0.3048815656997756
0.2785934031223491
0.29802689424382384
0.2915155394699547
0.3286867345294512
0.27979086706417083
0.30202532314755853
0.3179756837734234
0.24755249614803518
0.29803255082720576
0.2929429143291563
0.3038964490617737
0.3038964490617737
0.3183050470530062
0.2660779716637247
0.31281375626209523
0.3099474680771643
0.5663719262711033
0.2644698740858911
0.2921086889624733
0.30309861201188
0.31213491006894056
0.30850693974138443
0.3177588052695003
0.29553537189528617
0.3643780856605381
0.3173575169041402
0.2652855773114814
0.2652075605489882
0.29830375255552055
0.2577656646080471
0.3154353893602063
0.2876842088045417
0.2759333250510212
0.310915410929149
0.31647876663858676
0.2849921329149754
0.31204592440072215
0.31204592440072215
0.2962442296544555
0.3080381721144964
0.2976402815915463
0.28361791426087296
0.3565209532395952
0.3517548359011703
0.3265647685733834
0.3037074233473905
0.3149709698132348
0.3051649767208098
0.3217474776265851
0.3335619656123852
0.2840679726686691
0.30401632931055755
0.2878799525645209
0.2748319353339354
0.3053407921135048
0.3489883235625604
0.2777883751601008
0.30294197442037185
0.33204533139657916
0.3236064385587698
0.272450388507077
0.32286217355287733
0.28041069325662893
0.3654878090237632
0.300663745574623
0.28683597264920135
0.2806402409347605
0.26313171749449527
0.29301402537240556
0.2588171435425069
0.3342109728617595
0.3958631758591794
0.2993036339331583
0.34576240559483934
0.28969815322818276
0.3285738568019488
0.33525626051037277
0.306882074319145
0.27462737899111594
0.35575192218342244
0.28437056066060895
0.3383563105107741
0.3566272795771807
0.2542400360616817
0.29403341469022276
0.29219847880378746
0.279450988612755
0.32206638107412755
1.0
0.3305990505416197
0.25299820939257545
0.2801433368686703
0.35360391322997464
0.28914026879971366
0.31272305394792066
0.28141654325726945
0.3131479382949443
0.3040681360202657
0.34235121966044246
0.30307904442973077
0.28997576594731944
0.30048669203666845
0.27583747520792257
0.3256269853386851
0.39379412300262
0.30084781351439494
0.3158924414945448
0.30658952428437175
0.28368638812234476
0.27369711576891625
0.28168819390502065
0.2843762261908589
0.30195326517972887
0.3626296943200375
0.24928561912317318
0.2700626322984485
0.2889961033064161
0.30990545355476856
0.30892156714903085
0.2941517468096805
0.37755247683066984
0.26845093657555885
0.3202485548765417
0.2826856837824192
0.3185754111907063
0.8405776483315681
0.26583360458365307
0.295812701022097
0.3449521246850788
0.28467002050206475
0.31287638850019966
0.2794637322284947
0.3441277617423404
0.2714568123100851
0.25541038315034365
0.24545325117933106
0.31785684758247257
0.3112529222947693
0.2984192223815437
0.27789025337541123
0.27155862190210683
0.3253731537706984
0.28438215544466416
0.31943738951583517
0.2725495243875293
0.3230530115109573
0.34052684116912485
0.3345219361573419
0.3106550245173972
0.24706346415292627
0.32400421207273594
0.293802870317182
0.3410015601127944
0.27810853064797725
0.30300764892801657
0.2738447893859986
0.2915386228232006
0.2899266294674107
0.30730253687345593
0.26441749099318446
0.3167791973370636
0.31280917397882835
0.2670510045574154
0.4030334857633619
0.2923845971551126
0.2848537635569567
0.30515807931026506
0.29990954510557727
0.30723469728564945
0.30218083768240106
0.32341449571476477
0.29724006116580903
0.3012218297253343
0.2699883810607128
0.28553849655516317
0.28444417658021415
0.32466302301086064
0.42826005666704625
0.2951030222117906
0.30326592737264996
0.27570740838969204
0.3616260610754846
0.3040729547792866
0.2917706390203018
0.3245838985839195
0.28831550418348745
0.30066405241227856
0.2851523420880636
0.32939131038490105
0.3401182473082399
0.42424791033238807
0.29387558614796155
0.2862314022893521
0.29801240209164076
0.30681224674663954
0.27720059164546784
0.2821593622342284
0.3242542828333441
0.2807079656378693
0.31416865316295245
0.2813138465547821
0.27998450536733616
0.31416865316295245
0.31416865316295245
0.30788003248329454
0.3226894939995729
0.30664649853460707
0.32968694643630275
0.30239294214149476
0.27658475944578004
0.26484361171992976
0.3784877903354174
0.2982328188060525
0.3479661311255558
0.29331470950187166
0.3324753201275837
0.2948272718207271
0.3109039416653594
0.3480447013592104
0.29221464771867556
0.2625591811766851
0.29089223819282267
0.30177779477383404
0.3271413753425953
0.3030984916300327
0.2861060088076469
0.40118787426820285
0.30422713941297425
0.3051039306401656
0.33375679423059335
0.35996549368116054
0.31417463625280134
0.4212493807974031
0.3238249013665865
0.3122396818227592
0.2947746885488106
0.3658646714403252
0.2838632122251214
0.316508773462026
0.2815943143056321
0.3604070696872917
0.3664529786710132
0.2855059011719815
0.3503373018187077
0.26787670351084836
0.8405776483315681
0.351017547902482
0.29528569511774017
0.29013412092447277
0.32265329383137376
0.3015450120717892
0.3196655842594666
0.2734039366430213
0.3056089409009903
0.27142355014894554
0.3249284723509847
0.3288010252091401
0.27967095727186303
0.275768082945688
0.30000785429864446
0.27897014234168793
0.2517697001319251
0.3282401653097434
0.30288780132238535
0.31358884895982675
0.29892433795249185
0.2977213847523984
0.3225611844836573
0.2892825190693838
0.25029756495312844
0.2602749136677169
0.3001112708294172
0.31627664027463537
0.26823912626435753
0.27516500159733237
0.3240177887308097
0.27727401793749085
0.2952049545232484
0.26992438926197443
0.29219847880378746
0.29766909696246796
0.2855556688810552
0.3171847037735713
0.28224937835309066
0.3006620763489891
0.40289464386385504
0.2738572003532002
0.28821001543550545
0.32335816667785244
0.33425039138130624
0.3019223741842574
0.27066498622657875
0.30084781351439494
0.30050883730462197
0.27653753166238587
0.30019333338307164
0.2641557777383929
0.28914647885135203
0.28395406493140934
0.31320460810330947
0.30892156714903085
0.31127026473355496
0.3033849212884541
0.28404882996282066
0.2521663099870868
0.25919488479588915
0.3242385531265888
0.28137208525510504
0.2696250288249952
0.284594936982931
0.44805153994819946
0.331871917220808
0.257517684637424
0.2581799548446549
0.3355595460918704
0.32467839568012513
0.2790835929974118
0.277450214224139
0.3341199739720522
0.28208220810154233
0.3090860234268269
0.28236805716707175
0.29900486635617723
0.27127867201842965
0.3174429782905271
0.33539217676986854
0.3308563087110278
0.2844624523508928
0.2673100089529913
0.2979966348719844
0.2688739290259667
0.26720987124672746
0.36398226631639813
0.3580359716976428
0.2799687351159132
0.3130496084228289
0.3126750943254724
0.30214559468426677
0.2753451680388947
0.27309801032576275
0.30132832752634586
0.24918031362517704
0.2968175256741501
0.2887360129219724
0.27701708975810363
0.28586450827353455
0.25533625575457186
0.29544284944548715
0.2776982198920536
0.3350710547531183
0.31358565682249584
0.2770246150569399
0.26728325688812693
0.29799601426304745
0.3265624383636554
0.27966517096120946
0.26245993038143783
0.28657658023154003
0.28117085676450065
0.28586863118647066
0.3633361692000425
0.24983138424382353
0.3133273471571721
0.2941258987749538
0.28225065833148305
0.3195873210574341
0.4675649427364753
0.2882025386776358
0.281440963413006
0.3330566301592135
0.2969980074386555
0.29606007174971866
0.30759418893275575
0.31905487316703485
0.37792906850703606
0.269573829252804
0.2756263832286143
0.25613587997857146
0.2591320986302291
0.2882651446508557
0.33265890770567347
0.2819400871275215
0.30452659119926917
0.29802509209819705
0.2584225959753526
0.2927309725004525
0.28217059918817394
0.2912455930733491
0.30616708334976067
0.2956783009024118
0.2906098802403785
0.2576598716768917
0.2730658589748584
0.29865363732089273
0.27461865460401796
0.3288617478226056
0.272953397737783
0.32236216791922173
0.27642595333316233
0.28424986365477883
0.27773791190554736
0.26789903007979116
0.25506025539455196
0.26436559250110403
0.2717945187367519
0.33234730179022304
0.2882142987688197
0.24230862777974485
0.30937130514404726
0.2739324004628636
0.30408808844796426
0.31811074101967934
0.2981586578534935
0.24775329622316444
0.2687954975379146
0.28131590085725733
0.2943121464215631
0.3035858156131479
0.3034505513084234
0.2995425977194096
0.2841093417178463
0.29631026392710275
0.3008337440930332
0.27392185373682654
0.3052031707740538
0.2980226216890614
0.2976788731154835
0.31568385960603307
0.27856797656325655
0.2813016284093725
0.27587032449973053
0.27778927850343565
0.2623388103679041
0.2849479063597156
0.25240098449830384
0.28162705336729044
0.2823767606365222
0.2870408066822813
0.26680471013145407
0.2724132512931469
0.2778977198944885
0.30766696674905597
0.2810561099648805
0.2815581572220929
0.34014604924879777
0.2846428164944058
0.30554813248977486
0.27861135556978545
0.27937055236895886
0.3023852926728656
0.2730952935104355
0.2908791371053799
0.29097938539775886
0.29802689424382384
0.2885339664478501
0.31299460752264435
0.2828445467605739
0.2915155394699547
0.2842415604861354
0.2767456453405048
0.32996817845570336
0.2729653295545581
0.3017888011917607
0.31031117562116545
0.3038964490617737
0.3038964490617737
0.27580316883398553
0.31213491006894056
0.3109463869543589
0.37546080015043054
0.3081480237662367
0.2897997311047362
0.27700767300547174
0.3173575169041402
0.30592802943553293
0.3289398956216817
0.35301437545563485
0.2737303065908818
0.2873893996897191
0.3470133851935855
0.3265647685733834
0.3037074233473905
0.3149709698132348
0.3417869025913064
0.3314381706950607
0.35145975715899913
0.30812107672431577
0.3251634071963093
0.3053407921135048
0.3489883235625604
0.3127780928833332
0.2817144765483701
0.2777883751601008
0.30802465880411456
0.27868407786978433
0.27868407786978433
0.2961345683347763
0.3236064385587698
0.31014568350944377
0.272450388507077
0.3557579418911495
0.31221586937954976
0.3125835869204469
0.3309650799207676
0.29880364649477203
0.3172415625680661
0.2657952403858216
0.2844740873491591
0.2960262105427155
0.29565258077927004
0.28498937959565457
0.3127123811597313
0.2721008914053836
0.3525070700311
0.4168824897864864
0.2682482760570967
0.2788405323944818
0.2721531866007765
0.27062622675316816
0.2805987138504126
0.255627030666518
0.26498025986039053
0.2999191824608045
0.317657091512471
0.330776612293528
0.29267889120993984
0.2769322784388775
0.2694945862197571
0.26055194795143194
0.31073521799178233
0.3015807411730489
0.31073521799178233
0.2798519618706674
0.29496729652083153
0.2857384109592095
0.3306810584192466
0.3272715592490846
0.2688157608775349
0.2591420933049971
0.32311255744917167
0.2734288792440358
0.27247739527073755
0.32837102231224197
0.8405776483315681
0.26241881498262215
0.27827869913124686
0.29486559357789405
0.31571103481239143
0.3076482437172896
0.28518968077345747
0.2668574705217397
0.28233968352185196
0.3179359259045688
0.27449066354734775
0.316966115588175
0.2709063946433757
0.29060074004597264
0.25839984224539175
0.3049143490641762
0.2730194763455069
0.2876829237164031
0.2871054906630524
0.30521052816645156
0.27816269858290943
0.27810853064797725
0.2946012876882882
0.26886564333304136
0.27634637063086925
0.31199955782961625
0.2595955411887889
0.28655584456547584
0.24737818096852254
0.31383310891863087
0.28689965389163974
0.31164323490149815
0.2973300882873521
0.2769177251870571
0.2810921718917717
0.278984289916321
0.3545187113477236
0.25780631284515726
0.42826005666704625
0.3141152805175813
0.260259836868839
0.3291166777388206
0.2773270450536022
0.2860555479669259
0.3048895064386334
0.3157993480316541
0.2714568123100851
0.25541038315034365
0.24545325117933106
0.30049921589428225
0.3271584614979778
0.30036646182008847
0.35016310440828624
0.29492975957789835
0.2851523420880636
0.27469298005376813
0.3064007139045716
0.2745834826956441
0.2745834826956441
0.3317861183841488
0.41701387311628985
0.28502692984023453
0.28149226089255786
0.334301288871425
0.29566925489925067
0.3242542828333441
0.253661417447779
0.3450554683182738
0.29566925489925067
0.2531764102411841
0.29140112670451185
0.3226894939995729
0.2735241186001267
0.2972517075644421
0.28658235981114905
0.30583891693261994
0.2949989789163762
0.31869034301753774
0.298612481588387
0.3096857624835625
0.2734370687205474
0.35177265642207983
0.3164171479843099
0.29649547292801337
0.3064361501061699
0.30956855407855005
0.3119412158186789
0.3480447013592104
0.3271413753425953
0.29776801263274577
0.28026546319986584
0.3137962663323044
0.315727025828485
0.25934582692754155
0.2890723948704416
0.32185340527680706
0.33332468535218673
0.28557921193961333
0.316508773462026
0.3503373018187077
0.2736979092141106
0.3125994400772068
0.27833503141584265
0.35077758423044975
0.3158592922288024
0.3053537064149471
0.2861051159239504
0.24471192565427566
0.2526049536226461
0.5242881899673888
0.2841951941387345
0.26023321608625577
0.28558317016883644
0.31195352995273484
0.2517697001319251
0.2824639574201513
0.26381602663428316
0.27881814980045294
0.27131754457394625
0.26656835980905214
0.3268189625985963
0.8405776483315681
0.2940147820064477
0.30995003838057933
0.3225611844836573
0.2892825190693838
0.3262078322075607
0.3336424568452577
0.31383616719927815
0.2693421069997466
0.3239224543354463
0.3383563105107741
0.3182047962631325
0.28464701216792515
0.30048669203666845
0.264818907509735
0.2641557777383929
0.3626296943200375
0.2941517468096805
0.3202485548765417
0.2697076831707176
0.2749677148465031
0.3275105267926481
0.29203131107870156
0.3164171479843099
0.271340721611292
0.31724115653379475
0.30312185228072114
0.28137208525510504
0.2792774849388701
0.3520397407007491
0.30478769737750283
0.3341199739720522
0.3192310727453026
0.3339206428940658
0.2646323963904321
0.2894014178043403
0.28615513428605005
0.26125959500264767
0.4080137357283525
0.3259310364415392
0.2733423277550511
0.3471108306708863
0.3058612918188037
0.3164171479843099
0.29119646858151194
0.32207730990750233
0.3164171479843099
0.3144175571017097
0.22563750162354274
0.27484999854489434
0.2750455548577223
0.27539729990801154
0.3975994219590588
0.29799601426304745
0.31000044150831313
0.29764691422760636
0.26258825838785
0.3133273471571721
0.23828404306407103
0.5211073787613336
0.26622092212421217
0.2595871506041101
0.4675649427364753
0.28000577059653126
0.38839496401431295
0.26340400838394146
0.3136169687094631
0.2826097664739801
0.3457589454734961
0.41062469400337775
0.3294250373976016
0.29297713339218073
0.3164171479843099
0.2591320986302291
0.2971788963732789
0.2927309725004525
0.28217059918817394
0.33142469808267216
0.3183700967499322
0.2824803681880894
0.28973929968698486
0.25011262364347403
0.2747487211060101
0.3047570989555102
0.2657372239036412
0.3075644078539335
0.24230862777974485
0.30937130514404726
0.28003885683711743
0.284964032371707
0.2526670459015235
0.3273312667335625
0.2995425977194096
0.2922203667988921
0.2795358588411341
0.26252893639759006
0.2886349609196768
0.4093812732968986
0.25240098449830384
0.28162705336729044
0.2514410667419525
0.3571144902297388
0.31457334804395676
0.2732048602060752
0.28640843159845386
0.32229505842466893
0.27909066003383914
0.2761591581854183
0.25910822466348304
0.2807998583192972
0.24848163388240485
0.27884112147223516
0.2915155394699547
0.2520513373893649
0.26343039557538234
0.8405776483315681
0.368030459335141
0.2994595691479485
0.30481584916630294
0.3177588052695003
0.3061165527085711
0.3130293574005544
0.2966504018412601
0.30923403940284605
0.33540693651886483
0.2774403987953613
0.3004981281041071
0.3051649767208098
0.3075601303475506
0.2880567976610316
0.2649754532885325
0.31088971714206304
0.30294197442037185
0.2961345683347763
0.30347625223441443
0.30305490480410335
0.2898473743864783
0.30216200011584726
0.277435228940664
0.2717650910092405
0.32181310569154403
0.28498937959565457
0.2900929194140513
0.33525626051037277
0.28654457006397555
0.27286551582092133
0.2967735198025887
0.3013725548200353
0.2983184790382381
0.2922581057623743
0.3649617014918454
0.31073521799178233
0.29920735258194314
0.25648815791653246
0.28484367522262993
0.2865192160277978
0.2553209122393492
0.28556047546201857
0.8405776483315681
0.26581719741732146
0.29606188879288897
0.2935724569754552
0.3121511364281813
0.30047499586453746
0.28233968352185196
0.2819418696651404
0.2759157590678685
0.2977734288904161
0.29898369842025896
0.3112529222947693
0.3274917962469596
0.27155862190210683
0.31943738951583517
0.2882803510922431
0.3093005316333838
0.3410015601127944
0.31213382104471543
0.3007984766855885
0.2899266294674107
0.30730253687345593
0.25436170702613886
0.2798296326451168
0.25400104199441476
0.28028293934976467
0.26384052453403045
0.260095198464977
0.2645769252385321
0.256268862213389
0.31379318019835944
0.24278924005985558
0.2499872013526302
0.27539729990801154
0.25698208010476964
0.2739716701311549
0.28059840752157944
0.311853887244685
0.2894221752666408
0.26962123834711915
0.28341029419238006
0.28201863386889325
0.2795358588411341
0.2522102419814539
0.27392185373682654
0.28884514428351565
0.2588207219984746
0.3113006076608147
0.2767456453405048
0.28597204135554044
0.30850693974138443
0.2849664291326735
0.2864713880503474
0.30956855407855005
0.28452917814111595
0.4573468008606928
0.27946596024553333
0.33762536602529836
0.3228803579924922
0.3141805057863597
0.32449660879226105
0.27988043148247554
0.24246282634942662
0.3476598491946163
0.3664529786710132
0.2855059011719815
0.2778478900082795
0.28066146845324297
0.31882413790872793
0.275768082945688
0.3176344392573621
0.30330910246702425
0.274460588629846
0.2984422254861591
0.298719151652189
0.3153472377949306
0.27766043894928777
0.2604595694920087
0.3181569739581225
0.2930089769468686
0.27462737899111594
0.24920608432413865
0.29403341469022276
0.29219847880378746
0.32206638107412755
0.3021643706127002
0.28914026879971366
0.31272305394792066
0.28997576594731944
0.3019223741842574
0.30084781351439494
0.30658952428437175
0.2700626322984485
0.31320460810330947
0.3202485548765417
0.8405776483315681
0.26583360458365307
0.3449521246850788
0.2794637322284947
0.3064531606988094
0.26628211471423807
0.26253519263103253
0.27797983187395126
0.30109670046618087
0.29987640271956895
0.25630850546202877
0.3192310727453026
0.31020231093689177
0.28236805716707175
0.29900486635617723
0.2783444825923758
0.2733423277550511
0.2940317093124853
0.2916277301767906
0.297252531001834
0.27307694173472685
0.3130496084228289
0.3471108306708863
0.3126750943254724
0.37357283206164554
0.3164171479843099
0.2745834826956441
0.3137359576267243
0.2992227469145866
0.2836717817378569
0.26584049660906767
0.2707625952833935
0.3078415077759793
0.3408956515620614
0.4243025126498169
0.33102547803779514
0.29606007174971866
0.25580048013264156
0.3182693222035148
0.41062469400337775
0.29321317133757785
0.2797542284639023
0.32989788561917244
0.25729642021789173
0.29132381179047917
0.28233018833000895
0.28424986365477883
0.2868854439198859
0.26921040761558546
0.269992481983141
0.2657372239036412
0.30074094244212835
0.2526670459015235
0.2676818650089086
0.30465887854474083
0.29135347654328037
0.25847715421513207
0.2903392056437482
0.2522102419814539
0.27083764951070943
0.26066665368050645
0.30834492220157594
0.2967526996961027
0.26205345590602663
0.2823767606365222
0.2849421374396378
0.2907136204213784
0.2514410667419525
0.31869293654951447
0.2797844796900956
0.28229688368476397
0.28640843159845386
0.28228146520639397
0.25910822466348304
0.25125051619789995
0.33802770544401
0.2584998021373413
0.2543436898005215
0.34917422161039746
0.30769870344041533
0.29516311203821444
0.25370688833619537
0.26343039557538234
0.31996665257884677
0.3113734248610933
0.2549493167839623
0.28841750282303646
0.31652105941917996
0.30673365790538626
0.3695081925517653
0.325318439685334
0.29049953435040177
0.2979661035074224
0.34508926648544647
0.27993183310439357
0.3888592453560391
0.3010057836652664
0.27868910302497774
0.298206663723487
0.3614993880141562
0.3207646629975303
0.30461570261981596
0.28864001038983367
0.3023331137351679
0.2798296326451168
0.2798296326451168
0.30401632931055755
0.3291895116822458
0.3462965649823201
0.2868297794396698
0.279252905587404
0.2940096594490502
0.33204533139657916
0.28041069325662893
0.27304231083342756
0.2990368269435174
0.2910517516500675
0.3326665154704351
0.31613139512731026
0.2960262105427155
0.34576240559483934
0.29190335100057435
0.3285738568019488
0.2775183733714808
0.3252025788161446
0.296133324265318
0.3296484607211054
0.3128118788259759
0.2824321432341568
0.31192066384717965
0.2995432186125701
0.2970670533566704
0.2886260702371873
0.2990146199439475
0.2877420271259818
0.2955243529201913
0.37272845231527124
0.2818356304369666
0.28961382413582776
0.32394121514260993
0.34544981701384914
0.2984915695839319
0.2688123014166334
0.30798040968288976
0.2918570642807145
0.3236597033859633
0.2829806932339374
0.8405776483315681
0.3178984317793754
0.2734143412209952
0.27600764012903684
0.28145841630777085
0.2681505495435287
0.2680054583486279
0.3049143490641762
0.3477573666917533
0.31173044082934936
0.28544035466536916
0.27675855195145305
0.2547110361034088
0.3253731537706984
0.35339248246237365
0.26194514400299496
0.34105941466859674
0.3274559295497894
0.2995648841384992
0.25187811886446315
0.3460835078074744
0.31478159603604794
0.32578644519774286
0.319616663310029
0.28683321160991737
0.28649751840074855
0.25649976010708875
0.2681280294534831
0.27389691722443554
0.3124631086394299
0.30829680746556787
0.26681133482447733
0.353429822252255
0.28444417658021415
0.28855609386499304
0.31275235876542273
0.2925932226016799
0.3262676588564485
0.3075347982487281
0.28057006837476167
0.2945240238824998
0.28004765832631573
0.28004765832631573
0.2796775209187188
0.269040454688669
0.3286529133063377
0.27897495710584846
0.27925902421769183
0.35635232794606153
0.2848755633849331
0.2842872843057178
0.3069200861905177
0.3214944871894582
0.30239294214149476
0.2808745270880853
0.2720143820589845
0.27200583535566675
0.2813032083443072
0.3324753201275837
0.2762283704714269
0.3135350752661125
0.28961382413582776
0.3184530405023566
0.2723050549425919
0.2873782626288858
0.2960358723414288
0.3163593080818405
0.30774829499783196
0.2729951224215503
0.8405776483315681
0.27016994375254233
0.30252399294292587
0.2692941058130597
0.3242503390014368
0.3196655842594666
0.3223681289782802
0.30047000929675993
0.2680867926301908
0.3522317333462257
0.28569347173163456
0.2984422254861591
0.26429726618421506
0.2700468000009563
0.30607173598374865
0.32466331672963233
0.28475231156963116
0.3045738490487799
0.2914343249525454
0.33079777323396836
0.3194122562705472
0.2586628168815697
0.3200592752111708
0.3131479382949443
0.31883547221838165
0.25436170702613886
0.2798296326451168
0.25400104199441476
0.28028293934976467
0.26384052453403045
0.260095198464977
0.2645769252385321
0.256268862213389
0.31379318019835944
0.24278924005985558
0.2499872013526302
0.27539729990801154
0.25698208010476964
0.2739716701311549
0.28059840752157944
0.311853887244685
0.2894221752666408
0.26962123834711915
0.28341029419238006
0.28201863386889325
0.2795358588411341
0.2522102419814539
0.27392185373682654
0.28884514428351565
0.2588207219984746
0.3113006076608147
0.2767456453405048
0.28597204135554044
0.30850693974138443
0.2849664291326735
0.26301554955409523
0.2922853582412439
0.35300690650526434
0.30804680551484304
0.3051649767208098
0.2806402409347605
0.25486026766205705
0.28118415168400107
0.27124436937275015
0.2786634724487516
0.2930405410462895
0.29117481487339797
0.28654457006397555
0.28375035355028505
0.302025943646919
0.36342986893035145
0.2967735198025887
0.2922581057623743
0.3649617014918454
0.25648815791653246
0.3547070569655859
0.26581719741732146
0.29606188879288897
0.3956864918180257
0.3121511364281813
0.30047499586453746
0.26467862199183007
0.2819418696651404
0.2977734288904161
0.39077009594160456
0.3058612918188037
0.25839984224539175
0.30240455049265746
0.3104629202326826
0.29673163629854105
0.2871054906630524
0.3093005316333838
0.293802870317182
0.3460835078074744
0.3410015601127944
0.31213382104471543
0.3007984766855885
0.31199955782961625
0.24502845569910775
0.29958500921046766
0.32192842586018644
0.2825502591349525
0.2610200048660201
0.28012426205144536
0.26744223220710406
0.3227206358913111
0.2547927568748699
0.2745834826956441
0.42424791033238807
0.30681224674663954
0.3242542828333441
0.268698987307971
0.30940202175240383
0.28837649147048156
0.31416865316295245
0.33477039521837815
0.28658235981114905
0.32968694643630275
0.2949989789163762
0.29318991662907457
0.3032252451245838
0.32330776488891433
0.3048118352016091
0.28833436609698526
0.2864713880503474
0.24830035596460356
0.4573468008606928
0.2861060088076469
0.27946596024553333
0.31351276386837035
0.2892798889372645
0.3658646714403252
0.2838632122251214
0.28557921193961333
0.3103939611557314
0.2678560352517043
0.30252399294292587
0.3053537064149471
0.3015450120717892
0.5242881899673888
0.3249284723509847
0.3190364833493087
0.26871432507651266
0.30000785429864446
0.2517697001319251
0.31805510086516847
0.28047352819859533
0.274460588629846
0.2693421069997466
0.30870223489341736
0.3181569739581225
0.3566272795771807
1.0
0.3305990505416197
0.28914026879971366
0.2855556688810552
0.31272305394792066
0.2680829396501558
0.28997576594731944
0.264818907509735
0.3019223741842574
0.26583360458365307
0.3064531606988094
0.2896305961936123
0.27797983187395126
0.25919488479588915
0.2894543974630388
0.284594936982931
0.331871917220808
0.29447650463910197
0.2581799548446549
0.2696735186911069
0.28355209004004117
0.25257702401176535
0.3192310727453026
0.2772615800466115
0.31020231093689177
0.3090860234268269
0.28236805716707175
0.26220830557515906
0.25715621506639835
0.2844624523508928
0.30988089014053327
0.384551177947431
0.3130496084228289
0.3471108306708863
0.2753451680388947
0.37357283206164554
0.3164171479843099
0.27701368581086
0.27660272022304677
0.24918031362517704
0.2434783033741101
0.2968175256741501
0.27701708975810363
0.32294471505185185
0.2992227469145866
0.2728047553228435
0.33883999522405656
0.2836717817378569
0.29544284944548715
0.2750455548577223
0.2671428551522021
0.3975994219590588
0.2770246150569399
0.2550464168681958
0.29116292370323615
0.28297397376997446
0.24037707688247767
0.2697660179160314
0.2749674856719632
0.2687907768711366
0.2707625952833935
0.3408956515620614
0.33102547803779514
0.31905487316703485
0.521417531629539
0.3182693222035148
0.269573829252804
0.33265890770567347
0.2819400871275215
0.26780772698073924
0.2927309725004525
0.3183700967499322
0.25729642021789173
0.28657190648382297
0.2576598716768917
0.3237759090407328
0.29132381179047917
0.29865363732089273
0.25722453871753764
0.272953397737783
0.25011262364347403
0.2868854439198859
0.269992481983141
0.2882142987688197
0.30937130514404726
0.2739324004628636
0.284964032371707
0.30408808844796426
0.29135347654328037
0.29631026392710275
0.2706889806004366
0.2940273097070284
0.2504742555029146
0.27752843469063787
0.2976788731154835
0.27778927850343565
0.30834492220157594
0.2967526996961027
0.2849421374396378
0.2907136204213784
0.2514410667419525
0.2732048602060752
0.26726201875002076
0.2815581572220929
0.25910822466348304
0.2846428164944058
0.26497651139340467
0.2802486868601363
0.33802770544401
0.29097938539775886
0.31299460752264435
0.2994150534705087
0.29516311203821444
0.27979086706417083
0.25370688833619537
0.6257698684481106
0.586948059483099
0.586948059483099
0.7130140212481022
0.8136286659587265
0.586948059483099
0.6257698684481106
0.6217597632131295
0.586948059483099
0.586948059483099
0.6257698684481106
0.7144019161694678
0.7807003963929864
0.6093646333656596
0.6478995507084976
0.6873929236144264
0.6589348134704595
0.6148874750838421
0.6308013226003645
0.7052091472110048
0.6831938113653983
0.8040588317647226
0.6708191650626328
0.5752664031653371
0.5973060246963988
0.6093355611102305
0.6093355611102305
0.7413159084845677
0.7681110167820541
0.5823161606928008
0.7296303703647914
0.7681110167820541
0.5879150461115006
0.6541279218299534
0.7763824161555812
0.7681110167820541
0.7681110167820541
0.677917914982764
0.635057441156786
0.5969433213275028
0.6151129844498741
0.6151129844498741
0.5969433213275028
0.7143723703891723
0.5969433213275028
0.31996665257884677
0.27457935428402985
0.2737303065908818
0.3113734248610933
0.2549493167839623
0.28841750282303646
0.31652105941917996
0.2957499196312652
0.2863353520185948
0.30673365790538626
0.3172032584852375
0.30992416784392385
0.28627854562829935
0.30023171962579814
0.2950072875592158
0.3695081925517653
0.325318439685334
0.29049953435040177
0.2979661035074224
0.34508926648544647
0.27993183310439357
0.3888592453560391
0.3010057836652664
0.27868910302497774
0.3207646629975303
0.30461570261981596
0.34525000596615824
0.28864001038983367
0.3291895116822458
0.3462965649823201
0.2868297794396698
0.279252905587404
0.2940096594490502
0.33204533139657916
0.28041069325662893
0.29301402537240556
0.3326665154704351
0.31613139512731026
0.3252025788161446
0.3128118788259759
0.2824321432341568
0.31546074075589536
0.2970670533566704
0.2886260702371873
0.2990146199439475
0.2955243529201913
0.2818356304369666
0.28961382413582776
0.32394121514260993
0.2984915695839319
0.30798040968288976
0.2918570642807145
0.3236597033859633
0.2829806932339374
0.8405776483315681
0.3178984317793754
0.2734143412209952
0.24503068536215572
0.27600764012903684
0.28145841630777085
0.2681505495435287
0.2680054583486279
0.28544035466536916
0.32598043677109156
0.3000981727897555
0.331755948615681
0.31478159603604794
0.32578644519774286
0.319616663310029
0.27434516420010646
0.27793912983322977
0.30695590017536295
0.28649751840074855
0.30829680746556787
0.353429822252255
0.2925932226016799
0.3262676588564485
0.3075347982487281
0.2982522696864538
0.2885682738861825
0.2945240238824998
0.30803402590291956
0.269040454688669
0.27897495710584846
0.3491498981558276
0.35635232794606153
0.2848755633849331
0.2842872843057178
0.3069200861905177
0.3214944871894582
0.30239294214149476
0.2808745270880853
0.3688412290612714
0.32059814947656934
0.27200583535566675
0.2813032083443072
0.3324753201275837
0.28961382413582776
0.3184530405023566
0.2873782626288858
0.3137962663323044
0.2960358723414288
0.3163593080818405
0.30774829499783196
0.2729951224215503
0.8405776483315681
0.27016994375254233
0.30252399294292587
0.2692941058130597
0.24471192565427566
0.3522317333462257
0.2984422254861591
0.32466331672963233
0.28475231156963116
0.3045738490487799
0.2914343249525454
0.33079777323396836
0.3194122562705472
0.2586628168815697
0.3200592752111708
0.31883547221838165
0.25436170702613886
0.25400104199441476
0.26384052453403045
0.260095198464977
0.2646323963904321
0.31379318019835944
0.31924355964799533
0.262354652827547
0.3152258566964484
0.27539729990801154
0.2739716701311549
0.2541246007261852
0.26962123834711915
0.28341029419238006
0.27392185373682654
0.2588207219984746
0.3113006076608147
0.2767456453405048
0.2623827590306016
0.2928237995926635
0.3169353854631318
0.28107475285286115
0.2829885692490261
0.30592802943553293
0.2815485049685695
0.3003281654329642
0.2904451365588052
0.2910647602792193
0.3485948929026124
0.2779860237400442
0.28089255256989293
0.3291895116822458
0.2815485049685695
0.29279354137307145
0.27740790053700104
0.2987503809449048
0.2893247300335504
0.2829252769919899
0.2726521499162246
0.277435228940664
0.2717650910092405
0.2887421644814751
0.32181310569154403
0.3025647821755909
0.29565258077927004
0.37313111044793573
0.2900929194140513
0.26498025986039053
0.302025943646919
0.3013725548200353
0.2769322784388775
0.29636953392374604
0.29920735258194314
0.3306810584192466
0.3327277108805127
0.28556047546201857
0.2772124188658347
0.3121511364281813
0.3179359259045688
0.29898369842025896
0.29060074004597264
0.29785778962761955
0.3274917962469596
0.32066938915231696
0.30521052816645156
0.27580810167618325
0.28683321160991737
0.2685406894660388
0.31383310891863087
0.2913236720729429
0.29958500921046766
0.3068917398227732
0.28457053527356313
0.260259836868839
0.3273680216570033
0.3157993480316541
0.2714568123100851
0.24545325117933106
0.30036646182008847
0.27876265211127177
0.27469298005376813
0.27551113040261377
0.30664649853460707
0.25398841745844525
0.32330776488891433
0.2942346396882189
0.29221464771867556
0.3793991703911412
0.27988043148247554
0.3450914646602753
0.28783252724277775
0.2855059011719815
0.27023907427901256
0.2877072511347836
0.3158592922288024
0.2692941058130597
0.2861051159239504
0.3056089409009903
0.2526049536226461
0.2785835008797036
0.31882413790872793
0.26023321608625577
0.26415017551877995
0.27688889819187446
0.2604595694920087
0.27462737899111594
0.24920608432413865
0.28437056066060895
0.32206638107412755
0.2843762261908589
0.3185754111907063
0.30468319468357763
0.2896305961936123
0.26253519263103253
0.30109670046618087
1.0
0.29187224478690577
0.25630850546202877
0.3359299001145344
0.3310211376143582
0.2783444825923758
0.24278924005985558
0.384551177947431
0.3471108306708863
0.2689076787859727
0.2622360612316832
0.3207749011586212
0.2728047553228435
0.28963307139461913
0.2750455548577223
0.2821131292967132
0.2707115702723204
0.28308415642694257
0.24037707688247767
0.26584049660906767
0.3078415077759793
0.33102547803779514
0.25580048013264156
0.521417531629539
0.2562291459412792
0.31285294319629414
0.2797542284639023
0.2584225959753526
0.2863292315243933
0.2975381074615798
0.2739716701311549
0.2678288579130279
0.28059840752157944
0.26921040761558546
0.28541326742165596
0.2717945187367519
0.8405776483315681
0.2496807677216739
0.2676818650089086
0.2981586578534935
0.30465887854474083
0.29135347654328037
0.27190820408015803
0.2903392056437482
0.27316835562803227
0.26208907026491235
0.2907136204213784
0.26619706569010765
0.30245939973858565
0.2730952935104355
0.33802770544401
0.2584998021373413
0.2543436898005215
0.279292115470458
0.29516311203821444
0.30654512641693255
0.3384393819287996
0.3109463869543589
0.3169335338116799
0.29661264862639874
0.2628255065582745
0.26661820214776133
0.3003697396532204
0.2815485049685695
0.2916169461824095
0.27070381431931806
0.298206663723487
0.25769941800624857
0.3023331137351679
0.2878799525645209
0.2727582363161289
0.2815485049685695
0.27493421848714605
0.29309439845273794
0.3025647821755909
0.2900929194140513
0.2888969822437848
0.296133324265318
0.3296484607211054
0.31192066384717965
0.3033233179305161
0.37272845231527124
0.3096052376992441
0.28595925570568065
0.27330696694024453
0.3410928990733852
0.2547110361034088
0.35339248246237365
0.30295653619008217
0.34105941466859674
0.3000981727897555
0.3029581900071268
0.2511401519541095
0.28683321160991737
0.2595955411887889
0.28121507537453655
0.24502845569910775
0.26681133482447733
0.28242890950694244
0.26208839395718025
0.25780631284515726
0.28012426205144536
0.3112798036872206
0.3271584614979778
0.3025561380607592
0.29492975957789835
0.2560276410752462
0.28004765832631573
0.28004765832631573
0.2923989378338646
0.2796775209187188
0.2574387380714446
0.29593055516096317
0.29396478556458355
0.2720143820589845
0.29649547292801337
0.2762283704714269
0.28138014998094235
0.32359492230247355
0.2842609153492384
0.2824958122619081
0.2913632174753806
0.28291350613184446
0.2794673203412504
0.29310735195485693
0.24246282634942662
0.3103939611557314
0.23938919607510997
0.2619158638896217
0.30047000929675993
0.3016346588538639
0.33997628541575836
0.31805510086516847
0.2680867926301908
0.2839963100951195
0.3091608564711744
0.28569347173163456
0.354616493943306
0.3224680855832813
0.2480862074553121
0.27688889819187446
0.24759250052336065
0.2604595694920087
0.35575192218342244
0.28437056066060895
0.279450988612755
0.2801433368686703
0.3131479382949443
0.2843762261908589
0.24928561912317318
0.2889961033064161
0.2826856837824192
0.31380283188635527
0.2696735186911069
0.2645769252385321
0.35881169103692934
0.256268862213389
0.34998790266558494
0.28065148695266057
0.25715621506639835
0.2670566047446707
0.29499843549062427
0.4080137357283525
0.24278924005985558
0.6004347793142379
0.2836717817378569
0.26236462459725046
0.2923717037084057
0.26947281938020806
0.41062469400337775
0.282696444427881
0.25698208010476964
0.2873332436807742
0.3627477734305125
0.2863292315243933
0.28325931662983883
0.25722453871753764
0.28059840752157944
0.311853887244685
0.29648137371574607
0.2649017964879304
0.25043430711052744
0.269779091347569
0.2526670459015235
0.2706889806004366
0.2835307110486629
0.2504742555029146
0.25240098449830384
0.26205345590602663
0.27495310390912703
0.24929140116997764
0.279292115470458
0.2976788731154835
0.2525426573057315
0.31996665257884677
0.27457935428402985
0.2737303065908818
0.3113734248610933
0.2549493167839623
0.28841750282303646
0.31652105941917996
0.2957499196312652
0.2863353520185948
0.30673365790538626
0.3172032584852375
0.30992416784392385
0.28627854562829935
0.30023171962579814
0.2950072875592158
0.3695081925517653
0.325318439685334
0.29049953435040177
0.2979661035074224
0.34508926648544647
0.27993183310439357
0.3888592453560391
0.3010057836652664
0.27868910302497774
0.3207646629975303
0.30461570261981596
0.34525000596615824
0.28864001038983367
0.3291895116822458
0.3462965649823201
0.2868297794396698
0.279252905587404
0.2940096594490502
0.33204533139657916
0.28041069325662893
0.29301402537240556
0.3326665154704351
0.3252025788161446
0.3128118788259759
0.2824321432341568
0.31546074075589536
0.2970670533566704
0.2886260702371873
0.2990146199439475
0.2955243529201913
0.2818356304369666
0.28961382413582776
0.32394121514260993
0.2984915695839319
0.30798040968288976
0.2918570642807145
0.3236597033859633
0.2829806932339374
0.8405776483315681
0.3178984317793754
0.2734143412209952
0.24503068536215572
0.27600764012903684
0.28145841630777085
0.2681505495435287
0.2680054583486279
0.28544035466536916
0.27434516420010646
0.27793912983322977
0.30695590017536295
0.28649751840074855
0.30829680746556787
0.2925932226016799
0.3262676588564485
0.3075347982487281
0.2982522696864538
0.2885682738861825
0.2945240238824998
0.30803402590291956
0.269040454688669
0.27897495710584846
0.3491498981558276
0.35635232794606153
0.2848755633849331
0.2842872843057178
0.3069200861905177
0.3214944871894582
0.30239294214149476
0.2808745270880853
0.3688412290612714
0.32059814947656934
0.27200583535566675
0.2813032083443072
0.3324753201275837
0.28961382413582776
0.3184530405023566
0.2873782626288858
0.3137962663323044
0.2960358723414288
0.3163593080818405
0.30774829499783196
0.2729951224215503
0.8405776483315681
0.27016994375254233
0.30252399294292587
0.3522317333462257
0.2984422254861591
0.32466331672963233
0.28475231156963116
0.3045738490487799
0.2914343249525454
0.33079777323396836
0.3200592752111708
0.31883547221838165
0.25400104199441476
0.260095198464977
0.2646323963904321
0.31924355964799533
0.2739716701311549
0.28341029419238006
0.27392185373682654
0.2588207219984746
0.3113006076608147
0.2623827590306016
0.28597204135554044
0.368030459335141
0.2994595691479485
0.30481584916630294
0.33331816906810996
0.2879630881580611
0.3068482580211058
0.5663719262711033
0.3354681116521166
0.2959803162876715
0.3184598896647303
0.3130293574005544
0.28481375217829547
0.2828457924798225
0.299467341635618
0.2966504018412601
0.2849921329149754
0.36852000020240533
0.31863754311331943
0.32580187185577963
0.33540693651886483
0.3565209532395952
0.3235477623254493
0.3517548359011703
0.2779860237400442
0.3314381706950607
0.35145975715899913
0.3141916065032455
0.3289576905301178
0.2987503809449048
0.30305490480410335
0.3342109728617595
0.3958631758591794
0.277435228940664
0.2717650910092405
0.306882074319145
0.308961211555982
0.26209380522093295
0.29920735258194314
0.30615429805557
0.2865192160277978
0.2553209122393492
0.3195438854878325
0.28556047546201857
0.3012997315533215
0.27827869913124686
0.3047129412233378
0.28823771175422885
0.29606188879288897
0.3121511364281813
0.3179359259045688
0.2734143412209952
0.29898369842025896
0.3104629202326826
0.2984192223815437
0.3274917962469596
0.293802870317182
0.2738447893859986
0.27489798568513196
0.4030334857633619
0.30723469728564945
0.2913236720729429
0.29958500921046766
0.28242890950694244
0.28553849655516317
0.2951030222117906
0.384551177947431
0.3283944492018702
0.2547927568748699
0.30701803958240237
0.3401182473082399
0.3058594597297126
0.31084654239051734
0.29387558614796155
0.3242542828333441
0.30940202175240383
0.33477039521837815
0.3191220691518797
0.2850346569702762
0.29331470950187166
0.30956855407855005
0.29089223819282267
0.30177779477383404
0.30190031863708616
0.28026546319986584
0.3658646714403252
0.30000785429864446
0.26023321608625577
0.27516500159733237
0.27462737899111594
0.32206638107412755
0.3449521246850788
0.26253519263103253
0.30109670046618087
0.28355209004004117
0.3359299001145344
0.28615513428605005
0.2844624523508928
0.2745834826956441
0.3207749011586212
0.25533625575457186
0.2770246150569399
0.2915796003042396
0.2707115702723204
0.27966517096120946
0.28308415642694257
0.2941258987749538
0.26947281938020806
0.31905487316703485
0.521417531629539
0.3182693222035148
0.25613587997857146
0.272953397737783
0.26789903007979116
0.2496807677216739
0.3101603638039694
0.30846060547195414
0.27856797656325655
0.330688083351703
0.2541402303543244
0.26243389996546385
0.33802770544401